545
4489
5226
9782
4891
2546
8174
8777
603
6834
6700
1541
2278
6700
7102
3283
9179
8978
938
8911
8509
7638
9782
5025
5963
5025
4757
536
5762
603
3350
1206
5896
6633
1273
6097
603
9313
4885
5628
4958
4221
6097
4221
3484
1608
4422
5695
7035
402
6566
9782
6231
8375
1139
1742
9045
804
7102
9648
3953
469
4020
9782
4958
67
2211
8509
9179
4757
5360
4623
4221
3886
3149
5896
3886
2077
3953
3484
8442
4891
2010
7035
2546
2345
938
1809
6231
1206
6901
9179
2211
5025
4556
9380
7303
5963
1809
9045
1809
9581
1675
5360
7504
1474
7973
8308
3953
6633
1072
2747
1005
5360
5762
3417
9581
7303
7839
4422
7839
7236
3953
2211
9916
2010
1675
8978
8174
670
5561
2077
3886
5762
8375
9916
938
335
536
1206
1608
7973
5427
3283
5360
7504
7169
268
5360
7236
3283
3618
6901
2278
2948
6097
6901
9983
3283
1206
1273
1541
8911
6968
4020
1126
6968
536
9512
5494
9782
8710
3283
7236
938
3551
3819
4087
737
402
9112
1072
5360
9715
6499
6700
4288
67
1474
5829
2479
3283
4087
2211
2144
7437
5896
3886
7906
2077
7839
6499
1809
6030
7370
5360
3149
9782
7035
6030
4355
5896
2881
9447
3551
8774
5762
4891
9849
7370
4355
3149
6164
4690
3216
4020
3283
3015
3618
1005
4422
4556
4422
3886
3350
1608
5829
8174
5025
5494
2479
8844
8442
134
938
4020
7571
7705
3283
6700
8576
5628
7035
9112
8040
4690
1005
6901
2345
3484
6767
3283
804
8978
6901
2010
268
8576
8241
8710
1340
6834
8844
5628
4757
4891
938
1273
1139
3685
3685
938
9849
1675
4521
9782
7169
9380
6633
9045
7906
670
1608
6231
8844
4489
5293
4824
5762
6700
7169
8911
9246
1407
9983
9715
5226
7772
4556
5561
2211
2948
6231
1206
6298
8777
6767
5025
9045
5494
737
4623
6901
67
7303
6767
6767
2881
3149
8308
7571
9447
6834
3417
1273
7169
3350
871
4891
6432
7772
7437
2345
9648
9112
5360
1742
1340
1742
1742
7303
3953
6298
5427
4623
8375
3350
8844
5695
1675
5159
6499
2747
6700
6298
1072
7973
4556
7504
4757
6834
1742
5427
6901
2077
6097
6432
7437
5025
7437
7169
1876
9782
1273
335
6097
4958
7906
3484
7169
8643
4087
2010
8040
7035
4288
9849
1005
5896
9581
9916
1
9782
9849
9715
9648
9916
9782
9782
9715
9715
9849
9983
9648
9782
9782
9782
9849
9782
9916
9916
9715
9983
9849
9715
9849
9648
9715
9715
9849
9648
9916
9782
9715
9715
9782
9916
9715
9715
9782
9849
9916
9715
9849
9715
9849
9983
9648
9782
9849
9916
9983
9916
9782
9849
9648
9849
9715
9916
9983
9715
9916
9983
9983
9849
9983
9916
9648
1809
67
67
1
8844
9246
9782
9715
8777
9380
8710
9648
9045
8978
9916
9045
9916
9380
9849
9782
9514
9447
8643
8777
9581
8978
9179
9916
9246
8576
9313
8643
9648
8710
9447
9313
8576
9715
9916
9849
9179
9648
9112
8777
9514
8509
9715
9581
8643
9246
9983
9313
9648
9715
9581
9447
9581
9514
9648
9715
8978
9916
9782
9380
9782
9983
9179
9849
8777
8509
9648
9715
8844
2881
1005
67
134
67
