100 700
17 1258
24 2400
18 1764
10 820
9 603
6 360
11 726
8 608
24 1944
19 1520
3 255
13 1261
12 780
22 1408
29 2610
26 2054
1 61
11 1045
16 1360
5 375
20 1720
29 1943
30 2910
27 2538
26 2262
14 1078
30 1980
16 992
13 1092
16 1312
21 1680
24 1512
24 1584
20 1260
20 1740
7 693
10 770
28 1904
13 1118
10 830
18 1116
26 2444
29 2436
25 1675
17 1649
2 178
10 830
19 1748
7 686
23 1725
12 1032
24 2256
18 1152
8 680
24 2280
16 1280
9 900
26 2288
1 84
8 568
27 2133
12 912
13 910
13 1092
22 1826
27 1647
26 2548
24 1440
12 1044
10 700
1 85
14 1232
8 568
27 2700
28 2380
24 1896
7 532
23 2300
28 2240
2 164
23 1656
10 600
7 427
2 168
20 1920
6 390
29 2639
28 1764
7 637
26 1690
14 938
24 2400
21 1722
27 2430
3 195
8 656
16 1536
12 720
17 1241
8 488
