29	4	51	37
65	52	63	24
45	93	10	33
23	89	55	48
86	25	25	29
34	54	51	35
9	95	10	18
56	96	79	21
66	39	98	18
26	75	33	33
62	10	1	43
66	9	49	35
10	100	98	2
38	87	23	47
84	53	74	17
49	85	11	34
97	21	77	39
79	87	100	19
48	86	97	29
47	80	51	18
62	96	13	25
28	18	36	3
86	20	3	1
59	74	77	29
46	97	95	39
55	80	42	44
60	24	55	40
72	94	9	40
83	56	89	26
82	14	69	1
17	56	57	22
26	97	34	24
16	97	82	47
85	11	58	49
17	84	89	7
97	34	47	15
25	50	50	10
11	77	45	7
55	28	36	37
30	35	51	27
46	24	47	31
45	30	42	35
99	76	93	36
53	4	46	47
63	59	54	49
27	76	17	43
87	67	91	39
57	49	34	13
58	30	1	32
30	56	32	41
63	89	49	20
64	7	49	12
40	61	43	12
70	100	89	29
35	68	26	25
84	100	50	47
48	1	8	49
49	50	23	25
79	91	57	28
93	62	52	36
8	21	94	5
73	24	39	33
69	10	15	13
63	1	27	34
68	22	51	50
17	71	52	17
27	74	100	31
94	13	73	44
85	8	10	37
75	44	70	12
37	22	47	40
2	18	34	10
48	95	32	42
93	68	75	4
88	35	96	38
91	76	12	24
6	41	7	41
87	20	62	9
98	85	58	30
42	31	92	30
25	50	67	34
62	75	38	3
63	59	17	27
76	62	98	35
83	15	58	36
42	36	78	46
89	68	84	27
51	100	97	12
95	94	44	31
44	11	33	22
28	46	2	40
93	19	71	27
82	18	63	49
46	94	14	32
49	47	15	17
21	43	51	28
12	7	73	23
16	99	21	36
40	18	46	46
62	77	21	13
27	14	26	45
31	26	36	22
46	92	85	47
95	69	93	22
7	85	81	40
60	24	36	2
13	15	12	37
56	20	21	23
34	97	96	36
20	74	53	1
28	59	65	14
85	24	56	17
72	17	89	6
46	17	71	49
78	59	9	23
67	36	72	21
81	58	24	22
23	43	53	11
36	60	7	39
50	76	79	42
34	75	36	41
95	17	63	9
48	76	50	19
91	92	33	8
3	17	80	28
2	44	41	39
54	72	79	35
42	52	65	11
65	80	93	1
1	68	8	36
78	79	4	45
13	94	60	16
2	92	35	1
32	61	77	18
33	76	28	1
25	19	38	20
95	93	18	26
64	72	28	25
35	98	95	44
3	30	88	15
39	20	33	34
51	88	83	18
63	55	51	33
29	62	32	16
66	27	79	13
26	4	28	36
24	82	39	28
50	56	68	50
34	11	88	18
88	66	60	30
32	97	49	11
92	59	6	13
98	67	32	6
77	13	65	24
35	9	52	1
52	46	67	21
57	58	31	22
97	35	67	17
47	53	28	7
89	54	88	2
65	95	87	41
89	16	28	18
37	33	15	16
33	97	40	3
98	56	94	32
56	47	21	37
94	50	88	26
97	68	69	50
27	14	39	22
21	28	39	45
10	40	79	25
35	80	70	32
61	60	83	25
22	11	60	19
74	83	83	22
60	8	91	39
100	85	81	18
32	75	99	19
99	19	19	5
100	78	96	20
72	79	92	19
2	16	21	34
12	33	30	43
52	14	53	24
31	34	37	41
43	35	25	38
72	11	2	2
12	75	61	31
83	70	51	9
20	38	28	23
96	80	34	16
85	75	65	36
30	31	18	32
82	26	99	27
2	64	93	48
91	15	83	11
15	31	61	11
41	18	68	41
82	25	35	47
3	22	65	48
90	76	84	35
100	7	57	16
23	48	61	40
36	58	12	19
77	66	51	47
53	52	95	9
91	74	11	7
8	29	48	42
44	98	72	42
28	53	35	3
36	68	30	12
52	98	8	19
78	36	88	24
86	13	37	17
47	7	32	32
98	78	25	47
65	57	87	39
18	68	13	19
94	30	69	5
88	64	42	10
72	61	27	50
48	43	54	42
82	50	4	9
69	12	32	43
5	63	100	26
11	90	68	33
41	41	61	41
69	59	73	39
27	68	3	27
18	61	83	28
47	71	20	3
67	54	92	29
41	23	4	35
97	91	96	44
49	10	63	27
36	61	73	5
93	73	93	35
20	43	37	23
12	77	79	47
8	26	30	42
24	84	71	12
94	50	75	44
13	86	63	31
20	57	71	43
33	81	82	13
50	1	5	45
67	31	64	7
41	55	50	17
95	69	92	25
47	95	53	25
59	64	20	3
17	26	36	3
8	93	71	11
98	7	55	49
96	84	52	28
96	95	68	33
16	60	76	38
40	69	34	14
13	84	83	17
62	35	39	39
26	61	95	14
57	42	24	42
22	27	6	21
13	11	99	31
27	36	61	5
20	85	4	12
10	55	99	25
84	24	78	49
25	54	1	22
13	3	66	40
2	5	1	34
49	16	63	9
37	24	17	3
68	62	72	35
16	85	99	42
98	99	62	41
62	73	28	42
76	9	85	20
61	99	65	1
88	88	15	16
5	38	87	13
75	30	89	25
60	2	63	43
72	1	36	47
3	71	47	42
57	41	32	45
92	100	70	1
14	77	28	1
50	1	57	21
77	19	94	49
58	90	78	7
2	25	34	1
69	22	54	17
45	85	11	6
88	47	43	27
18	44	78	21
53	32	95	11
79	80	68	26
43	25	87	8
30	97	64	12
74	25	66	13
6	58	2	34
2	80	21	14
74	78	71	28
80	43	48	50
24	17	85	33
29	52	41	38
60	47	17	39
42	26	8	13
7	69	40	10
20	3	14	17
98	69	1	28
9	28	92	37
36	60	30	43
37	17	33	11
66	36	86	4
61	34	22	23
98	36	52	16
65	93	25	12
70	15	18	22
69	84	44	29
13	20	19	48
71	44	79	15
28	63	44	48
13	52	63	15
16	86	73	36
44	77	32	11
65	43	35	36
94	19	70	24
93	44	83	8
60	12	70	16
52	75	35	21
22	15	97	4
24	73	3	3
78	64	93	46
67	13	17	20
43	92	40	36
84	48	100	30
41	40	18	49
11	11	11	11
13	89	56	26
41	56	88	19
86	81	80	48
43	37	5	3
53	29	76	18
91	100	90	46
19	51	15	18
57	27	25	18
23	94	19	28
58	6	27	16
9	26	81	12
45	65	29	32
40	84	41	47
97	96	86	44
6	94	13	28
22	59	76	40
87	56	25	20
53	88	45	18
9	33	22	20
98	65	76	16
9	5	25	7
36	86	99	40
2	69	25	3
67	20	23	49
32	34	29	44
74	76	84	47
75	44	77	30
35	10	95	5
50	72	66	11
67	99	44	25
26	53	77	25
89	84	13	18
44	6	29	17
47	27	16	44
95	85	23	32
11	74	4	44
19	45	68	46
22	95	70	9
99	86	7	24
68	93	85	31
69	73	78	23
13	82	36	2
56	90	82	23
50	33	23	44
5	14	72	46
85	35	29	27
86	14	40	12
13	6	77	21
3	26	78	49
93	26	80	40
42	58	59	37
23	71	47	29
35	51	45	38
73	93	98	21
74	14	37	44
46	16	35	48
68	46	96	12
81	57	14	16
23	14	89	34
8	72	58	41
39	5	51	44
44	7	6	20
33	38	58	4
53	17	34	26
50	78	38	8
18	62	21	49
5	55	12	4
87	97	95	19
64	39	72	24
81	8	5	46
35	84	35	36
81	32	46	7
77	49	63	44
9	40	47	5
39	70	48	24
59	3	78	12
73	86	99	48
75	7	34	34
38	62	12	24
1	80	74	5
7	53	22	2
21	51	93	13
47	100	17	13
63	12	89	9
42	48	70	50
55	27	15	49
97	17	13	19
71	93	94	26
100	60	67	2
77	83	39	37
76	77	44	4
44	62	11	34
92	89	20	35
96	68	42	29
64	99	74	43
4	51	51	29
16	48	53	24
45	33	80	21
91	11	88	11
89	31	29	4
47	59	29	22
74	99	43	33
35	98	65	50
60	60	37	26
64	12	26	32
91	57	100	27
92	89	65	47
46	100	12	12
37	20	19	13
72	41	2	46
62	33	58	3
20	69	19	43
79	56	30	36
19	94	73	18
49	47	88	1
83	91	30	44
16	7	44	34
54	17	17	8
16	92	9	42
40	43	20	25
64	77	17	48
15	79	81	27
59	11	5	33
18	58	14	34
95	80	41	14
36	2	40	6
2	45	68	36
78	71	67	19
26	95	44	42
12	36	76	37
46	47	3	41
63	53	58	18
32	90	42	21
81	64	36	23
30	44	44	11
19	62	93	10
62	94	88	45
24	69	15	20
77	100	59	45
89	53	86	49
3	7	99	19
33	49	56	39
77	3	71	3
6	8	80	18
46	88	98	19
31	40	91	50
72	99	19	11
15	29	61	42
38	89	88	11
27	91	71	26
65	20	92	31
43	86	85	9
12	27	12	23
26	94	85	23
87	99	60	21
28	9	53	24
24	68	38	27
23	42	19	2
66	27	84	41
42	46	25	13
34	3	99	8
63	93	38	33
88	65	85	3
4	52	49	41
23	52	76	15
11	85	35	36
47	69	9	31
56	42	71	19
6	61	31	50
9	3	96	10
50	88	94	41
12	75	61	9
45	16	87	25
47	14	5	35
21	57	36	11
40	40	33	11
96	15	38	48
33	60	69	19
78	53	68	25
50	82	12	16
88	61	17	30
19	46	70	15
89	100	86	29
12	64	66	4
34	44	46	14
79	46	5	14
82	82	58	2
39	29	80	29
91	4	32	7
20	31	90	44
64	61	62	23
54	80	82	30
77	19	66	15
4	88	93	48
18	32	71	17
25	18	77	22
49	85	10	9
64	55	39	1
25	34	82	10
99	47	13	14
36	23	38	15
71	86	94	47
14	71	65	8
82	19	51	3
2	2	17	6
94	54	8	42
39	90	5	23
88	36	5	19
21	96	51	19
40	85	10	15
82	26	32	13
44	44	36	28
18	13	93	38
18	57	9	35
91	30	47	1
4	27	38	40
22	91	82	46
92	7	1	37
50	70	61	20
29	24	81	7
56	98	5	1
100	57	50	31
62	43	67	27
80	27	77	41
4	87	34	17
37	38	24	48
2	51	99	36
100	82	20	13
81	88	59	30
89	20	25	36
100	92	21	19
33	22	68	9
38	73	4	31
49	83	5	9
67	1	78	1
86	60	46	32
78	55	43	7
89	38	6	38
9	100	87	15
67	29	22	47
31	15	34	45
27	73	54	45
2	5	80	24
35	42	40	39
86	95	29	48
20	68	46	18
52	1	4	36
3	19	83	18
27	57	64	22
25	4	14	42
74	20	12	17
84	30	76	50
66	90	35	22
21	2	73	40
100	84	65	44
6	33	92	13
24	52	53	28
83	25	80	35
91	79	53	42
4	96	59	31
81	32	89	50
62	56	14	41
21	37	27	12
69	59	82	48
44	92	15	50
4	44	78	42
49	79	80	38
22	23	63	2
48	86	43	38
32	32	32	32
53	28	52	16
4	63	6	49
84	36	84	47
68	13	64	29
13	65	31	47
35	1	3	45
26	42	44	40
42	7	24	13
61	17	90	27
46	34	81	36
71	34	51	7
70	66	51	7
64	13	97	18
72	79	47	42
16	49	39	43
94	80	62	50
64	84	19	46
38	11	9	2
79	46	85	23
90	36	54	40
98	63	83	29
15	46	16	8
92	55	94	12
79	6	5	28
83	55	96	3
96	96	70	34
41	7	39	43
37	32	94	5
59	13	41	49
17	59	8	15
26	46	82	12
58	67	93	18
21	66	83	11
54	34	39	41
20	21	6	38
85	3	67	27
56	17	69	8
34	31	33	48
74	32	19	19
79	26	40	8
61	43	48	49
68	82	66	37
29	51	45	10
79	28	58	22
51	100	36	14
21	75	22	8
52	85	84	31
56	46	63	41
17	91	48	46
59	62	15	27
2	92	75	13
87	71	21	20
21	5	89	42
65	37	97	6
13	43	49	48
39	78	58	45
78	25	72	14
12	53	95	9
76	40	49	46
98	100	95	7
91	75	11	8
81	25	33	11
52	60	75	27
59	81	94	44
25	74	49	6
62	6	98	4
18	18	100	19
4	42	5	7
63	30	23	29
15	18	74	48
81	99	72	14
67	89	98	9
43	47	74	18
81	36	86	30
76	76	94	6
32	78	77	7
38	91	52	15
60	14	23	8
66	32	100	38
28	40	55	46
46	62	3	41
79	34	58	24
98	22	2	30
61	63	10	22
4	9	70	2
9	46	47	33
73	13	45	5
98	50	99	40
5	19	45	41
88	41	94	47
19	53	37	33
4	64	68	24
13	34	10	23
5	86	14	2
50	51	92	17
17	50	85	20
7	36	80	39
32	73	33	44
54	28	97	28
63	35	77	12
17	77	42	22
87	99	72	15
21	74	29	8
53	21	49	1
95	97	67	18
52	23	48	49
20	15	91	27
15	70	17	32
27	20	38	23
45	97	45	40
89	52	3	37
30	65	71	9
32	34	32	48
14	75	38	50
38	49	66	7
40	23	15	10
71	3	100	38
53	24	42	18
70	59	47	12
92	22	90	30
26	77	36	33
22	23	50	4
90	14	75	8
5	94	41	27
72	47	43	31
97	66	42	8
69	20	86	36
40	98	1	5
59	62	8	38
23	93	31	46
35	62	17	49
81	29	41	37
50	100	3	5
81	65	27	21
66	85	8	11
51	1	48	47
55	94	57	4
65	81	25	26
38	19	20	50
26	76	47	10
35	8	52	45
51	11	19	43
6	39	62	2
38	19	31	46
78	10	79	24
89	81	93	18
16	43	24	11
3	41	69	8
29	41	8	14
18	78	91	3
52	100	98	9
46	60	24	12
29	48	62	49
57	45	27	47
81	44	15	22
88	49	91	37
55	47	36	5
1	27	40	46
66	16	76	19
67	66	80	39
2	27	77	6
9	75	17	37
5	67	52	30
48	53	55	27
16	50	37	14
80	35	85	4
66	67	82	22
63	71	88	10
55	86	7	41
39	52	15	24
59	4	63	4
68	85	84	32
19	100	65	47
94	97	57	4
83	83	42	83
42	72	85	5
32	76	37	10
79	1	38	34
36	3	91	47
12	94	48	4
70	86	5	49
91	74	88	20
51	41	38	43
83	74	21	38
15	33	41	11
10	96	21	37
96	49	18	3
26	96	96	37
16	64	97	22
6	74	77	8
59	63	99	17
21	96	38	42
56	87	56	45
93	47	12	18
79	49	9	31
37	19	25	32
22	55	18	37
92	2	46	13
68	88	39	33
57	4	6	9
8	39	43	32
92	18	38	42
87	32	92	34
53	83	10	36
80	25	2	39
54	40	5	20
48	12	98	50
59	16	31	23
10	59	71	9
30	53	50	45
42	77	91	41
14	96	26	47
60	11	79	22
72	88	74	27
44	100	99	45
94	14	54	26
11	1	59	30
73	39	90	8
38	15	14	22
79	34	56	37
3	8	61	13
20	25	59	46
39	3	18	25
5	96	97	27
34	91	58	50
27	67	7	37
15	85	50	9
33	51	19	16
17	4	42	19
73	19	1	36
26	81	89	50
7	47	54	26
5	87	74	45
31	31	34	1
35	50	35	38
63	87	80	19
26	90	9	47
37	65	35	27
32	76	97	22
3	79	25	35
74	50	83	12
69	84	93	25
25	94	15	13
34	22	38	6
97	93	56	12
57	54	36	47
96	72	60	18
54	13	9	6
79	28	54	29
8	98	80	20
88	69	12	23
60	43	100	12
89	3	33	13
33	81	57	20
9	25	74	14
81	27	99	35
29	57	72	22
3	35	96	35
8	46	6	9
7	21	78	17
61	13	84	20
23	65	42	1
88	87	54	49
43	25	26	40
30	21	74	27
73	67	15	37
56	94	70	24
24	36	94	8
55	56	73	14
74	3	92	41
17	9	59	49
41	70	4	9
60	44	15	39
53	21	42	28
92	56	26	24
4	14	47	2
19	37	24	19
75	44	82	28
62	99	92	47
86	36	17	3
86	83	92	24
48	46	9	50
18	52	4	11
7	55	91	18
54	56	76	49
74	3	32	5
25	59	17	7
97	52	11	4
90	21	76	26
97	97	64	50
17	27	41	14
83	82	80	47
66	22	77	8
80	95	52	8
81	44	42	19
26	5	91	22
91	21	15	4
18	28	60	50
42	48	69	49
89	26	46	37
3	52	84	15
98	45	84	11
45	11	88	35
65	46	32	43
28	68	34	11
73	89	59	42
47	100	75	47
64	70	92	24
81	36	99	19
38	34	73	6
81	69	51	40
80	92	62	40
99	28	54	46
7	77	23	36
64	59	90	36
47	7	49	38
15	64	35	22
61	67	65	20
29	22	97	45
64	7	74	25
31	6	11	34
19	81	44	18
49	80	82	49
90	92	31	1
64	80	47	38
58	48	16	23
27	73	49	36
61	23	33	43
57	25	34	35
58	39	74	4
49	30	65	47
21	74	4	5
68	33	26	43
80	68	55	47
63	17	97	11
26	51	22	14
10	40	78	28
48	81	71	44
8	59	75	14
10	17	96	30
75	52	44	12
78	16	87	47
4	34	65	37
33	40	57	41
11	69	95	33
29	91	57	33
3	81	20	28
16	21	79	42
49	73	87	25
56	58	24	33
27	35	10	38
98	47	63	45
46	11	60	37
90	92	23	1
54	89	9	41
87	83	27	48
93	10	33	30
35	28	75	30
35	50	27	33
19	65	66	22
93	5	65	26
95	40	53	12
66	57	81	20
51	51	25	31
36	87	34	40
84	48	65	28
19	41	83	33
59	3	87	9
53	90	80	8
4	94	46	35
43	13	78	37
34	45	76	20
20	13	7	15
62	64	94	13
95	31	1	48
72	54	16	22
71	10	10	49
44	38	39	49
3	97	5	31
62	54	23	25
55	74	17	11
83	89	99	39
50	14	72	17
44	12	5	35
41	62	95	7
21	10	51	46
14	2	75	36
30	91	100	26
40	19	93	1
30	15	99	19
69	78	95	25
13	47	73	3
34	27	65	8
48	38	48	23
81	26	98	47
80	12	73	14
79	85	99	15
96	42	34	41
78	34	82	13
95	84	82	22
9	90	68	31
43	35	4	44
72	1	7	39
54	41	60	32
53	80	60	41
54	61	52	9
2	69	93	5
56	50	28	6
57	68	49	45
77	67	36	33
97	14	7	4
81	9	47	24
53	78	60	30
45	55	46	17
30	12	94	10
69	22	20	18
20	11	76	22
35	78	99	22
75	97	69	2
80	80	78	23
95	9	64	42
31	39	74	17
71	21	72	36
78	85	33	23
15	91	72	7
34	55	29	28
84	85	15	44
59	49	22	49
71	85	75	20
2	21	58	24
59	70	100	47
71	21	31	31
64	18	99	19
100	68	92	37
22	85	100	4
100	44	36	27
55	62	59	45
59	9	94	48
66	83	54	30
59	71	10	33
46	100	7	39
95	17	93	6
35	32	80	34
88	96	84	33
14	37	44	40
5	69	52	33
48	55	47	25
99	13	45	47
39	64	57	37
67	22	38	26
16	17	68	15
28	83	41	38
60	68	85	8
26	39	4	25
73	96	69	17
80	50	89	3
2	83	37	17
91	90	98	26
72	15	74	37
36	4	92	42
51	49	19	26
30	23	17	28
25	97	35	3
62	32	48	24
1	16	16	27
20	40	99	48
30	4	24	11
21	59	97	26
97	52	95	12
12	66	60	8
88	74	24	1
14	63	34	7
27	33	53	38
44	47	53	49
36	90	24	44
37	13	11	20
74	14	6	44
85	12	50	37
60	32	51	18
23	68	68	10
54	68	45	39
56	38	56	3
85	8	44	6
67	60	1	11
59	29	99	17
98	91	97	41
83	10	94	15
42	42	12	4
5	92	82	26
35	21	61	19
13	40	82	33
67	32	93	45
87	8	89	43
76	43	10	23
62	54	34	7
25	39	35	48
43	41	19	33
66	44	45	48
77	58	4	40
80	70	32	8
19	55	92	29
100	4	90	50
9	32	88	29
33	34	87	46
56	81	62	42
79	1	53	23
43	58	58	4
35	22	99	26
8	16	20	13
3	72	92	22
42	71	91	47
22	44	81	31
4	97	28	1
14	6	14	8
82	75	25	33
7	76	16	8
38	36	86	39
7	53	23	7
85	19	26	6
100	36	79	5
85	77	53	21
80	78	61	19
11	74	60	21
80	86	61	40
83	27	21	3
97	63	14	7
86	78	6	16
80	41	69	50
17	16	89	47
64	71	88	12
99	99	30	38
95	33	36	30
43	3	51	23
40	65	96	15
35	19	41	2
46	1	16	10
37	50	2	18
53	51	17	36
95	99	8	43
68	69	80	43
22	48	62	25
59	79	11	30
92	12	13	32
48	18	44	20
90	29	33	37
40	25	40	27
23	52	29	13
4	10	89	46
47	20	100	2
17	98	55	27
67	52	59	24
55	24	92	35
65	65	13	40
83	94	25	39
25	89	25	20
75	53	70	37
62	62	37	8
18	71	43	50
52	62	68	12
25	69	16	31
88	83	48	17
34	14	82	20
40	27	35	35
75	38	100	38
18	68	23	16
28	47	75	30
2	53	42	36
56	80	86	44
41	13	5	16
18	98	79	10
67	30	20	8
66	93	65	6
16	93	15	9
9	14	90	47
100	69	52	36
73	16	80	2
88	60	65	13
76	41	94	43
8	17	35	2
12	78	24	49
59	18	62	40
57	72	15	49
33	23	90	39
66	55	47	3
46	78	17	43
47	99	54	28
83	69	79	36
60	68	12	7
63	100	34	8
56	28	11	48
71	24	14	24
82	25	13	36
8	84	54	26
26	15	52	38
99	62	82	15
39	65	62	28
87	47	20	2
73	19	9	46
26	31	55	7
23	21	16	13
57	7	10	23
74	14	62	33
75	63	99	45
78	46	97	5
96	86	40	50
39	4	16	8
57	79	5	15
84	42	93	4
43	91	2	25
7	30	94	29
28	60	69	2
66	83	34	12
69	1	34	40
8	66	63	38
8	94	13	47
62	79	65	8
52	23	25	19
100	24	65	41
24	21	33	24
24	27	57	41
27	77	62	40
94	39	15	48
96	10	10	17
27	56	92	27
81	60	50	16
92	52	91	43
2	38	8	38
13	4	40	23
34	7	45	47
35	77	8	30
20	79	83	20
44	29	83	47
60	15	81	42
92	88	81	38
38	76	1	39
13	57	53	13
30	8	67	45
20	16	65	10
93	23	91	19
30	44	91	41
28	22	43	7
47	75	3	24
82	6	80	8
82	78	27	22
75	1	12	4
48	50	36	14
67	29	30	7
37	5	66	40
94	91	32	14
72	15	6	29
97	55	8	29
4	50	79	3
74	21	83	37
21	34	12	45
7	2	99	25
83	27	91	38
86	34	32	33
41	87	47	28
5	41	13	28
42	24	23	44
19	48	90	33
37	90	29	8
24	99	48	6
89	19	77	23
33	24	8	47
90	6	71	24
4	33	52	39
13	85	89	6
7	30	23	32
90	91	66	42
40	26	25	6
86	68	60	41
5	65	13	43
55	83	85	30
1	22	45	28
91	76	46	41
82	43	66	8
8	98	79	2
96	46	85	12
33	53	98	27
80	40	81	12
92	1	63	3
20	30	52	50
74	49	21	16
18	61	5	21
84	59	18	26
25	54	37	18
25	60	4	29
50	58	86	44
47	10	1	45
12	64	31	24
19	27	79	9
63	4	28	19
23	46	38	33
89	58	80	48
97	64	70	45
56	48	43	4
46	43	85	35
55	72	93	29
85	3	55	33
88	89	81	49
10	61	69	18
32	88	21	14
62	100	22	10
35	58	81	19
43	3	12	38
20	63	11	31
57	96	90	49
31	19	26	21
65	68	66	33
87	87	46	34
7	4	85	30
34	91	64	33
79	91	2	13
96	8	39	13
5	53	86	13
64	13	55	49
51	16	46	29
17	3	6	45
57	86	68	45
39	46	25	16
81	96	76	36
85	36	28	22
82	99	15	43
10	57	10	1
60	96	47	25
5	50	55	36
25	10	66	15
59	76	47	14
55	86	100	37
28	68	39	43
27	99	60	32
47	69	21	11
14	64	47	13
46	51	57	38
3	48	32	31
18	42	47	1
8	86	100	24
30	12	30	49
37	57	22	29
32	4	58	8
1	78	76	17
53	82	11	1
54	57	33	1
8	25	2	26
25	71	88	37
37	7	93	39
50	53	9	26
29	35	100	40
32	4	11	8
52	97	35	40
2	69	38	16
6	11	93	15
18	69	94	44
76	38	48	10
41	51	13	41
25	74	16	15
93	20	45	14
43	4	15	33
17	25	22	20
13	38	86	47
47	89	91	18
92	22	86	37
80	20	89	11
28	27	42	41
31	65	22	20
85	17	43	39
94	70	7	20
98	5	48	38
8	95	83	31
63	86	49	12
8	70	72	25
51	25	25	9
16	4	89	48
69	86	61	22
79	38	51	26
3	64	98	48
3	23	60	22
36	27	10	43
74	12	35	24
38	53	70	8
2	61	54	15
60	87	93	8
62	95	96	38
5	62	81	23
79	84	91	24
46	9	60	44
79	54	77	25
50	78	64	2
20	16	47	37
30	11	71	19
82	85	21	36
73	57	29	3
68	58	89	27
8	44	25	7
86	19	13	50
59	24	88	38
79	49	1	39
61	76	88	11
33	19	60	8
49	46	84	22
68	4	37	33
48	40	11	6
68	85	96	48
50	80	14	42
25	51	66	46
62	42	8	28
31	49	29	41
9	97	88	4
3	31	31	20
34	12	94	19
79	73	72	44
95	54	72	39
97	19	86	38
72	25	100	28
44	36	42	1
30	59	41	31
82	38	31	14
53	11	3	31
87	88	49	26
52	14	97	15
92	99	72	47
48	71	50	20
19	50	61	40
21	22	42	50
45	99	66	21
36	24	20	38
31	14	34	16
38	15	49	17
40	92	50	42
67	24	28	20
32	2	45	42
77	77	39	31
77	98	48	15
22	99	72	28
49	100	33	30
81	57	19	21
48	66	53	35
61	88	18	9
69	26	29	44
29	100	74	23
80	83	27	16
25	80	9	19
29	3	86	11
61	78	73	44
5	20	23	16
56	60	33	25
60	49	74	14
54	20	84	38
87	16	49	3
87	90	13	40
94	89	73	34
33	26	86	12
21	68	94	47
44	91	37	3
74	91	27	39
53	25	89	29
28	30	59	39
55	7	86	21
19	57	29	49
11	13	58	50
82	49	69	13
74	33	35	3
93	94	65	6
92	8	28	39
80	27	74	11
91	2	50	3
37	53	18	21
98	13	13	33
55	34	41	38
67	64	93	42
86	39	57	46
57	63	97	6
37	35	38	11
20	32	10	48
44	97	92	38
20	92	51	28
70	73	43	17
25	53	54	50
65	61	84	28
47	96	12	29
23	94	99	36
65	87	62	23
13	99	43	8
47	2	95	48
30	80	48	11
4	32	34	41
6	6	58	25
44	15	100	48
93	97	65	15
17	26	57	30
42	96	14	20
62	66	93	23
25	5	57	18
97	30	1	45
33	10	11	47
37	17	65	35
59	42	71	38
34	70	62	38
73	45	22	18
80	77	94	10
85	27	43	31
46	14	53	37
4	84	49	8
40	89	97	43
22	3	13	32
14	56	58	12
81	9	93	33
32	98	47	48
17	81	21	28
28	71	52	31
9	5	9	46
4	55	62	23
92	20	99	42
74	47	47	19
18	77	20	40
16	1	60	40
4	85	24	10
53	55	71	33
48	19	21	9
17	34	28	44
54	99	3	23
94	5	9	48
87	55	91	44
7	22	38	17
99	63	19	3
95	81	79	39
92	59	40	22
2	30	1	16
44	1	58	49
76	87	4	46
99	24	43	45
56	83	73	16
34	16	5	41
87	4	51	14
25	65	49	37
3	75	97	10
90	55	87	42
6	56	29	20
30	93	61	3
52	35	99	47
97	38	54	12
80	75	62	31
95	5	98	50
24	80	92	6
96	62	32	25
42	62	84	20
58	80	42	12
14	97	74	45
24	76	97	15
35	98	89	33
26	53	94	15
2	17	89	39
60	52	29	46
69	86	74	6
98	6	99	46
77	79	39	30
12	24	14	28
91	11	34	37
88	45	75	21
51	25	59	18
14	30	97	30
31	91	42	50
3	79	88	36
84	90	86	29
28	4	55	9
68	81	60	8
68	69	4	49
78	32	16	50
48	4	72	24
2	26	55	44
42	13	97	24
35	42	32	23
96	21	55	19
55	73	40	34
45	10	2	33
35	17	39	43
10	52	64	8
54	12	89	45
100	66	42	15
73	61	22	37
51	75	14	7
20	93	95	31
85	36	30	46
100	89	15	4
15	37	56	12
4	49	12	24
3	11	6	17
27	86	53	11
50	35	14	30
63	89	11	26
40	92	73	34
41	86	76	2
86	70	72	29
41	54	23	7
57	85	68	43
61	36	12	12
85	12	10	36
56	4	76	39
66	94	51	8
39	100	69	18
91	75	68	15
10	54	78	18
26	12	94	39
52	64	80	17
98	96	47	12
41	35	44	28
12	1	6	21
97	75	56	17
49	16	90	26
45	7	76	26
96	63	68	8
33	41	8	18
74	22	38	36
11	3	36	13
52	95	75	5
50	34	1	24
32	98	17	12
91	1	31	18
45	37	45	16
8	37	18	6
40	74	44	1
32	85	4	18
85	55	65	22
14	67	78	38
80	29	92	24
19	17	50	13
100	18	37	8
93	43	23	9
54	44	8	40
72	13	35	45
20	92	66	26
76	4	59	42
29	80	40	14
9	32	47	4
9	60	75	37
25	61	54	2
60	91	47	12
83	63	67	28
38	37	77	44
8	24	39	24
15	76	82	18
72	49	79	41
98	54	93	2
90	61	84	45
65	67	45	24
74	98	21	36
91	81	27	42
75	44	82	23
75	70	91	6
48	95	20	32
39	7	99	11
68	11	7	23
83	56	45	13
12	80	79	27
41	87	26	33
40	16	81	6
46	56	90	24
97	46	12	38
77	1	25	41
56	75	90	44
55	14	5	22
89	3	65	25
33	45	20	22
21	37	71	14
91	17	36	22
57	48	90	8
12	22	44	14
3	46	67	23
62	56	45	17
24	92	90	32
55	77	71	23
73	96	5	36
39	1	97	35
1	12	87	15
73	77	25	29
19	34	95	16
12	18	49	33
46	27	88	28
25	94	34	35
53	21	51	35
58	49	98	28
88	54	26	35
6	68	90	16
21	37	17	12
60	75	6	11
57	35	41	3
12	27	30	25
28	85	58	7
37	43	91	28
1	97	66	43
77	45	69	24
24	30	73	17
80	27	29	2
13	16	58	17
44	33	79	20
62	85	75	17
82	67	4	4
98	63	70	38
17	68	19	13
37	22	100	20
79	58	63	15
69	70	2	16
91	35	72	26
47	37	89	33
42	35	11	29
85	24	16	34
3	75	15	35
78	87	91	32
96	69	69	37
58	14	33	50
97	89	9	16
99	8	24	40
73	81	71	50
87	43	49	1
23	74	2	19
37	40	85	14
24	43	23	27
11	79	100	30
87	39	1	46
14	16	15	15
99	22	70	27
52	53	5	46
7	30	30	24
56	73	92	42
10	23	55	21
49	88	7	12
86	86	64	13
81	24	28	5
59	79	26	14
96	46	41	9
84	67	66	24
100	95	63	42
13	72	31	12
56	33	16	28
94	33	31	45
73	17	94	11
67	36	52	26
73	39	87	33
34	100	75	18
99	19	47	47
1	54	88	23
17	26	6	26
100	22	48	44
69	21	43	33
40	57	38	16
44	17	12	33
2	16	1	41
61	1	32	42
29	58	81	22
38	83	76	22
54	20	35	17
86	94	35	41
75	1	29	37
60	88	97	23
99	30	80	24
56	19	11	3
65	69	41	34
20	72	39	24
25	51	77	2
44	36	30	19
10	53	6	7
36	76	83	2
72	33	30	14
54	38	91	11
88	53	25	37
39	85	8	5
59	70	92	19
12	85	78	11
18	50	55	23
32	4	53	41
71	83	47	38
32	61	81	43
9	73	92	17
78	63	67	5
91	27	27	25
94	6	30	31
82	20	68	26
41	50	77	2
18	95	9	22
41	23	31	29
81	25	77	50
56	5	38	38
52	71	43	26
98	8	94	3
3	45	35	46
67	79	69	22
8	67	48	6
31	84	21	37
84	70	67	35
55	32	76	7
86	82	93	32
78	59	16	5
25	31	58	10
92	35	26	43
84	61	60	48
31	28	4	7
32	78	14	48
9	97	10	7
15	13	45	10
84	25	31	21
39	58	59	35
42	50	63	21
15	73	2	18
65	41	8	28
40	89	40	41
42	100	64	29
80	60	20	8
48	32	74	50
16	87	29	34
58	85	5	1
76	46	3	36
75	52	52	44
69	72	60	41
70	15	83	33
37	3	92	46
58	39	10	2
17	52	31	19
16	79	10	11
90	26	15	36
33	88	16	41
16	76	9	26
22	36	86	2
14	89	74	8
38	46	98	27
18	86	61	11
87	29	26	25
36	100	88	13
5	67	84	25
3	57	45	12
1	93	89	39
50	12	24	32
81	70	76	47
11	7	46	45
55	95	6	11
76	66	30	25
74	28	25	38
54	3	85	44
33	32	28	6
32	29	73	49
46	45	23	27
46	24	15	5
81	84	63	26
98	71	82	13
57	60	50	9
53	56	11	9
92	74	90	30
73	60	37	2
98	53	69	9
16	25	35	39
42	1	4	20
59	25	65	17
84	11	36	12
28	33	51	40
89	66	5	4
63	29	17	23
53	57	17	42
64	26	13	16
54	37	26	5
38	11	66	15
37	28	40	6
62	8	28	19
48	27	97	17
1	78	53	42
65	78	72	32
25	59	46	21
73	8	77	18
62	82	42	8
76	95	98	9
32	19	36	38
57	15	60	47
75	39	33	18
86	23	89	7
95	72	3	20
87	29	100	43
49	66	35	3
70	70	55	33
27	34	60	31
87	43	18	1
24	16	83	47
59	84	99	21
56	41	51	31
47	22	64	42
88	41	11	37
66	76	6	11
88	32	88	39
50	4	83	26
81	61	79	26
99	1	46	8
59	75	46	47
42	3	5	38
8	15	27	12
67	59	21	41
78	18	97	16
9	93	46	12
53	95	61	44
84	98	61	11
37	28	35	36
9	21	18	24
89	52	38	13
18	67	9	21
84	96	56	9
34	36	4	7
14	42	97	37
55	97	40	45
45	72	22	3
20	41	81	42
46	48	19	36
37	59	58	44
61	97	86	48
95	72	63	27
96	52	38	25
62	70	72	21
46	8	65	27
48	96	50	9
72	23	66	21
50	76	81	40
62	44	41	17
80	12	52	45
91	29	16	23
2	24	72	38
21	43	61	3
21	19	49	14
6	89	40	2
11	66	23	16
18	12	50	17
35	25	96	46
97	57	75	16
1	34	75	39
1	57	98	43
23	22	71	36
95	41	95	38
42	27	86	5
72	76	37	28
68	22	83	27
49	10	38	16
1	17	85	7
30	22	79	47
8	98	30	33
99	63	94	27
51	48	2	39
11	40	58	11
10	6	87	40
55	49	71	18
70	94	41	14
75	45	87	45
96	9	81	30
89	43	95	43
50	83	100	47
26	80	56	27
29	54	97	6
81	92	83	19
82	68	91	47
50	94	52	21
60	61	51	47
94	48	56	17
60	81	47	49
39	72	11	17
70	4	8	36
86	38	47	15
72	45	90	12
42	38	78	9
57	87	91	16
20	37	98	38
72	34	87	13
31	13	44	1
88	10	5	39
65	31	44	4
55	34	40	26
6	82	46	21
97	42	71	27
68	93	1	48
42	27	63	13
62	93	28	8
84	60	6	41
64	99	69	28
96	15	93	48
98	54	5	19
67	100	34	16
56	59	14	26
23	99	9	13
78	22	92	43
96	92	20	9
51	68	16	29
27	57	4	36
80	54	41	49
81	42	10	26
31	45	15	12
7	33	47	22
33	34	59	21
37	82	5	46
78	48	16	43
81	13	39	30
22	81	34	44
19	28	22	24
18	4	88	3
2	2	58	22
77	36	78	20
51	64	93	49
86	63	22	20
17	57	60	29
16	77	85	6
47	69	78	1
84	19	50	45
49	56	58	26
48	88	86	18
76	52	88	32
55	66	53	37
67	26	55	46
40	30	3	12
19	26	39	45
96	93	23	24
47	34	13	44
54	5	60	30
6	47	87	14
55	46	6	27
61	1	64	27
4	12	62	32
39	94	43	46
75	52	93	12
24	42	6	6
90	22	28	17
60	33	19	46
10	38	48	18
53	61	26	5
66	13	19	27
89	95	55	25
62	1	55	3
97	39	9	17
44	42	13	26
2	59	86	12
14	71	56	37
29	30	17	31
27	22	10	41
91	61	71	24
28	13	63	1
50	20	37	36
12	89	6	7
69	76	28	4
36	94	9	38
49	96	30	20
23	82	34	3
96	7	17	33
98	44	45	24
37	5	2	34
92	95	57	49
48	45	9	15
19	63	39	2
31	28	79	37
39	97	92	26
80	82	54	36
90	5	71	28
77	82	42	12
66	66	50	47
81	12	44	11
6	55	73	3
35	44	52	10
46	60	96	19
9	58	50	7
10	38	34	38
27	59	8	45
36	16	2	13
38	20	7	31
90	63	84	29
76	42	52	17
49	62	44	25
23	56	35	47
86	70	5	11
80	47	82	20
59	89	28	5
9	82	65	8
61	32	12	46
72	14	49	34
15	12	37	14
87	2	69	7
60	10	55	35
16	47	84	37
2	70	47	45
59	13	50	40
86	83	31	12
35	76	18	15
65	9	83	38
41	46	85	34
97	91	90	18
44	4	1	23
61	45	31	7
23	57	60	43
15	22	42	21
81	47	61	34
19	57	32	43
6	64	95	3
60	25	74	23
84	46	86	44
17	91	86	47
14	51	35	5
48	9	24	25
43	87	28	50
68	86	89	8
84	84	86	16
46	36	33	39
39	77	22	9
12	16	73	18
100	13	62	21
14	97	53	44
56	71	59	8
67	13	7	20
39	6	65	9
49	24	42	37
87	36	15	16
99	55	7	19
100	42	91	48
36	73	37	19
91	71	66	39
43	75	14	41
97	76	86	15
98	4	44	42
68	83	86	23
77	74	11	14
68	56	69	42
50	25	13	17
29	45	14	49
52	13	86	34
22	82	98	36
51	34	52	47
68	64	57	48
95	26	26	46
26	92	19	1
33	28	2	2
73	22	41	47
38	86	22	18
35	42	26	11
41	35	82	25
99	85	62	36
15	35	20	45
37	36	100	2
44	52	7	45
63	18	97	14
20	92	95	20
53	13	50	27
26	14	90	10
36	32	1	42
71	83	20	4
50	9	60	27
95	40	95	5
57	39	85	16
22	39	71	27
83	63	58	29
78	62	27	38
28	19	57	7
70	64	51	21
47	15	84	13
54	98	10	35
24	14	10	46
95	90	30	45
21	23	56	38
24	48	36	37
98	100	69	31
21	84	82	40
48	56	33	42
32	39	57	14
74	98	54	32
3	29	34	23
62	86	83	28
35	36	87	24
5	98	96	29
17	18	68	3
7	27	49	23
7	36	100	29
49	64	26	42
40	28	77	22
38	62	39	31
83	38	75	19
12	34	12	39
84	37	81	44
78	25	57	14
74	66	16	43
69	66	45	8
65	12	69	8
47	93	43	35
37	76	58	27
79	75	28	9
81	8	31	16
77	45	39	10
16	43	31	19
93	32	21	36
76	46	23	48
68	12	56	44
99	12	2	43
45	62	61	22
83	64	67	36
21	92	15	28
34	12	42	31
99	8	47	12
20	12	64	32
96	55	95	50
53	62	83	38
4	70	57	41
16	3	29	33
12	7	52	46
43	22	68	26
59	81	90	2
83	88	65	14
32	14	49	4
19	10	48	6
100	8	30	7
21	25	67	2
24	60	16	30
99	45	19	15
89	78	86	48
71	55	92	12
46	10	95	15
5	30	29	32
4	24	1	16
74	74	56	33
83	25	27	48
95	88	55	33
65	59	96	12
57	33	95	23
4	30	62	42
10	78	35	43
49	56	14	18
84	4	58	46
24	65	26	23
96	80	56	2
82	94	38	43
94	14	17	17
96	3	59	21
82	62	44	33
50	90	66	37
1	45	4	32
51	39	13	26
94	85	6	25
1	77	21	43
82	2	32	20
20	38	46	26
87	15	61	30
38	12	76	42
79	6	65	17
40	72	72	9
89	51	63	37
20	52	72	33
29	24	46	40
12	63	15	32
49	91	96	50
76	23	29	28
53	85	34	1
81	21	51	6
90	45	3	26
85	53	62	16
23	91	81	42
66	29	35	49
67	53	76	21
11	51	57	47
83	100	47	39
76	41	46	41
40	87	39	28
88	17	52	3
30	57	5	32
27	8	75	46
3	20	4	35
84	28	23	32
59	95	94	10
75	89	39	24
35	64	7	24
53	63	14	23
92	88	47	6
1	61	64	43
46	34	46	9
39	97	94	34
90	97	15	21
57	8	77	49
92	3	30	16
89	90	21	48
37	81	5	12
72	66	88	45
21	93	48	12
50	41	20	41
71	8	87	3
11	76	63	20
64	29	49	42
33	64	78	49
66	41	7	24
26	3	61	47
32	59	49	45
17	14	87	36
15	98	57	20
22	13	78	43
65	21	1	6
23	8	85	27
57	76	62	31
8	18	75	27
28	54	94	12
45	54	31	31
51	28	11	43
34	86	74	28
23	88	27	50
8	36	24	16
35	31	79	45
84	73	35	47
72	76	2	20
83	59	69	24
92	42	29	45
8	11	53	15
83	43	80	46
36	57	100	27
79	38	84	48
64	12	68	39
37	5	24	27
92	85	98	13
65	28	39	32
1	71	93	45
42	9	7	42
32	56	50	20
65	3	86	18
49	1	68	16
42	72	16	23
17	89	84	32
2	87	82	48
24	22	35	28
18	10	69	32
14	37	14	12
76	8	73	44
14	80	20	24
49	42	71	7
5	69	62	12
21	89	23	7
36	96	90	47
22	44	80	40
43	64	18	35
6	26	85	1
43	77	93	35
66	67	6	15
75	3	21	27
58	41	100	17
18	39	24	6
38	40	17	26
62	11	90	20
78	4	41	45
58	99	93	6
40	82	98	41
31	17	46	43
95	84	72	33
34	30	4	46
59	40	6	47
75	80	5	30
32	42	19	8
45	31	10	30
8	60	21	3
9	7	19	20
84	3	10	19
53	67	2	29
32	13	35	47
61	48	15	40
69	93	66	7
16	3	53	17
56	19	2	43
70	2	44	40
31	47	12	24
54	58	87	12
68	80	65	42
23	34	49	8
83	98	51	21
16	12	27	40
13	5	72	7
79	13	13	3
73	35	82	19
28	10	56	31
68	34	25	22
18	28	28	47
26	20	44	30
35	87	10	12
22	73	66	41
46	86	67	26
29	35	21	48
69	98	48	29
58	98	38	25
55	79	79	3
12	48	83	3
92	24	5	10
84	85	59	39
34	51	87	13
60	6	50	30
57	20	73	48
74	39	71	27
62	21	28	35
57	80	44	21
23	29	77	17
42	79	28	35
30	42	25	9
56	60	94	16
86	81	80	24
78	93	38	22
7	4	36	8
42	42	63	16
36	52	77	21
84	21	40	48
2	94	59	23
82	89	4	48
95	3	99	42
71	89	83	4
17	4	63	46
35	32	16	15
9	25	33	17
56	32	33	11
69	9	39	46
30	51	82	18
25	97	26	50
53	66	69	19
77	68	13	12
97	18	40	30
1	87	63	14
49	47	29	35
18	13	73	50
99	98	89	12
1	58	78	7
99	100	55	38
19	20	45	4
72	14	25	49
32	56	87	38
39	55	93	21
49	51	19	3
99	80	28	14
68	2	31	11
80	26	46	38
23	41	56	2
65	34	15	2
68	50	82	40
3	58	65	8
96	96	96	23
50	50	60	3
34	51	15	31
33	35	82	15
48	92	47	44
93	35	21	15
92	32	31	8
75	39	22	9
79	37	22	23
49	45	58	36
22	22	69	31
71	77	18	7
15	70	42	21
81	100	90	43
93	20	77	20
34	29	67	27
18	30	1	32
51	58	74	49
95	66	95	11
4	11	62	49
29	47	68	8
63	36	61	31
77	74	71	1
16	71	75	43
15	68	70	2
55	1	25	38
40	61	41	17
92	51	51	36
47	11	60	36
34	36	92	29
9	24	66	22
71	98	9	29
41	91	92	47
63	55	55	21
99	37	43	38
73	66	18	41
46	89	26	1
29	2	1	35
95	64	23	2
25	75	41	24
61	43	16	37
53	90	70	26
72	5	33	36
19	20	74	16
84	65	79	43
1	89	13	30
95	11	57	22
78	96	43	18
19	99	20	12
36	29	69	31
19	34	31	25
1	57	50	33
71	76	63	38
80	73	42	24
91	91	20	13
28	23	82	42
35	10	85	48
59	57	18	18
95	48	44	3
23	83	95	21
2	19	8	31
11	87	29	48
55	42	67	50
41	61	9	25
9	7	79	30
26	59	46	43
69	82	50	29
74	3	65	33
46	29	10	20
44	39	81	10
62	79	6	31
11	36	75	36
8	42	56	26
100	4	84	14
39	52	22	28
1	51	81	32
30	100	25	14
81	97	38	47
15	12	76	27
44	89	37	44
51	65	9	48
43	78	33	29
76	62	14	8
21	58	15	41
86	3	40	5
3	75	61	40
44	76	97	8
64	74	86	49
83	7	95	36
7	17	31	48
21	47	47	38
6	1	36	33
50	21	96	2
41	55	76	38
29	8	16	11
48	47	25	9
8	87	91	23
79	22	19	33
46	37	96	41
83	26	53	11
97	45	41	37
24	90	31	19
57	44	16	9
83	2	62	36
41	79	54	19
54	40	90	20
80	23	16	29
94	97	7	23
31	19	100	48
54	31	20	36
23	87	69	21
28	18	10	42
9	76	28	35
2	16	6	36
25	60	60	24
44	15	71	29
76	10	94	40
96	31	16	27
45	88	62	50
64	8	67	21
9	90	32	23
43	29	53	45
92	24	15	10
62	21	21	7
27	94	54	1
19	16	91	5
9	54	19	11
31	95	36	48
33	3	73	40
35	43	72	49
48	35	30	38
89	2	37	20
22	75	68	34
20	34	74	4
61	3	66	25
26	37	82	49
15	13	99	33
1	71	85	7
54	88	70	50
27	60	32	34
4	93	12	46
71	48	24	6
19	10	68	3
20	30	73	36
29	61	53	39
6	94	64	45
6	91	41	11
34	54	42	27
83	78	93	43
28	72	85	10
24	4	36	46
59	51	29	42
30	66	59	13
29	79	18	38
73	68	19	33
46	52	75	17
33	21	28	35
19	85	1	36
88	33	11	30
51	68	81	37
71	98	34	7
44	59	8	24
65	55	6	32
28	57	49	18
21	44	58	45
35	27	94	49
1	7	42	22
7	27	56	22
41	61	61	47
51	93	21	2
70	12	71	49
45	3	11	24
73	74	5	28
93	26	48	1
98	80	15	47
44	34	59	30
27	29	12	48
43	24	47	28
15	95	47	45
84	97	88	19
25	58	35	33
50	93	79	1
62	71	86	6
95	19	98	15
58	97	94	44
11	90	98	28
70	76	75	46
74	13	35	49
2	87	100	37
40	35	28	32
27	48	53	47
98	69	41	14
11	51	10	4
72	10	45	7
68	94	62	11
100	6	49	37
67	88	10	35
89	54	2	38
18	94	24	35
33	48	9	2
91	1	14	37
47	8	99	5
72	94	47	41
54	8	31	29
47	73	15	13
6	5	44	29
85	46	77	16
2	48	13	4
8	8	77	49
14	89	4	18
47	19	72	42
62	72	40	21
73	62	68	22
58	33	69	7
55	28	70	47
74	29	67	19
58	92	38	20
14	84	77	12
36	28	52	37
27	42	9	10
61	87	53	32
86	74	55	36
20	53	40	1
36	38	24	47
3	11	12	41
85	25	58	49
47	59	21	10
8	97	52	49
98	52	17	13
3	98	73	2
19	55	33	41
86	8	12	32
56	24	96	32
68	93	11	29
87	20	93	22
67	43	49	28
14	19	85	10
36	72	52	41
80	3	28	18
80	72	90	50
11	97	3	31
65	81	81	38
65	31	61	47
74	92	7	49
52	58	1	10
87	87	81	3
21	84	64	12
35	92	47	4
20	4	93	4
76	35	22	39
64	31	50	39
68	77	96	10
34	22	79	2
17	90	40	34
96	97	69	11
23	13	41	36
78	66	40	37
69	18	85	31
98	98	29	22
38	11	30	18
69	66	17	3
71	80	52	8
1	42	50	22
82	51	95	15
14	28	19	50
14	51	18	19
100	71	27	15
13	61	27	2
35	61	56	23
82	15	7	33
85	75	50	3
28	85	55	45
43	52	55	13
8	45	71	33
94	13	29	40
64	41	16	12
16	53	9	30
73	36	54	44
19	70	46	1
24	52	29	50
29	66	41	38
43	70	76	4
83	31	59	41
21	67	65	43
19	27	61	22
25	73	17	44
13	95	76	13
27	43	3	37
2	6	51	33
29	90	55	19
93	59	94	7
59	56	87	41
11	83	4	22
39	55	43	1
52	42	62	28
45	68	1	32
47	51	81	18
94	53	58	12
32	60	30	49
95	20	65	43
95	81	86	36
27	85	54	35
13	12	15	10
77	74	24	22
49	22	93	13
80	60	40	31
91	40	12	27
43	12	33	46
39	52	82	44
53	23	7	33
35	21	87	18
99	68	59	17
54	58	35	27
49	54	48	44
90	40	15	11
8	55	93	46
77	60	55	15
24	37	67	18
16	7	79	41
86	32	1	29
73	92	32	6
34	38	34	39
66	27	70	14
65	76	77	38
11	32	72	35
21	11	100	33
55	98	13	9
74	35	12	5
11	66	6	24
16	22	64	31
77	35	76	1
98	47	3	3
49	88	28	49
84	6	51	26
60	17	41	26
7	37	79	36
68	6	22	43
90	96	85	20
19	66	22	41
77	94	64	47
42	100	20	2
72	77	13	36
80	98	98	50
89	1	32	50
91	97	15	50
48	94	98	18
60	8	21	24
68	24	35	4
7	76	43	41
70	19	37	40
56	93	90	7
99	98	20	21
87	74	79	4
36	85	13	19
22	38	29	48
98	78	62	10
30	25	8	19
29	65	35	31
25	10	57	38
16	78	45	49
19	57	53	15
93	97	80	44
73	77	76	45
23	95	25	44
33	59	36	30
8	86	22	47
13	19	71	40
42	3	39	7
58	33	2	21
13	75	18	40
35	58	52	29
9	17	75	30
25	12	50	41
97	98	58	16
21	12	69	36
88	33	61	40
32	73	100	21
7	29	80	41
58	91	47	49
11	97	94	10
34	14	40	45
45	41	25	22
47	43	30	21
59	23	21	18
58	80	60	7
73	55	60	28
20	84	53	15
99	76	84	42
8	58	95	37
3	66	92	11
70	34	54	13
85	39	79	35
2	71	45	31
81	48	78	42
93	80	60	7
67	40	20	32
97	36	57	45
54	40	20	5
34	23	48	3
97	78	9	42
69	13	28	15
95	46	7	40
86	26	89	1
9	93	40	13
84	70	6	47
64	27	35	29
39	60	49	19
4	95	81	16
38	10	57	17
66	15	25	8
43	45	24	32
8	54	20	2
93	85	45	46
23	38	38	34
87	81	39	36
83	75	38	8
2	2	39	23
75	85	84	1
15	24	20	25
79	98	93	4
34	66	39	5
65	16	60	45
78	72	83	4
69	50	77	7
88	70	82	24
35	10	64	45
47	23	54	21
27	100	74	9
17	23	35	30
8	2	49	6
68	8	10	29
78	33	9	39
44	27	34	31
79	51	17	38
43	76	5	14
24	99	76	37
20	25	36	3
46	29	56	48
72	36	29	20
17	28	89	35
64	94	65	33
73	17	27	49
83	39	44	27
98	76	66	6
80	71	67	34
6	73	3	31
67	6	2	18
46	72	80	50
12	25	85	7
78	91	65	19
76	55	46	37
29	77	68	42
58	37	53	39
32	98	48	34
65	82	83	41
55	84	20	44
66	13	34	42
30	48	34	42
3	34	20	29
4	3	56	27
31	67	51	32
45	93	85	8
94	74	2	13
80	72	81	17
80	48	4	8
48	51	46	24
51	82	34	23
2	80	35	29
90	94	41	18
45	17	72	6
61	84	4	38
53	55	100	9
75	53	73	30
91	53	1	8
58	32	47	33
58	34	28	38
54	2	14	19
85	26	88	41
70	51	86	43
33	6	97	44
14	51	94	45
59	13	94	10
97	62	52	9
9	21	49	7
64	9	34	29
40	55	20	10
15	50	75	46
53	12	57	20
89	100	80	4
25	83	81	14
61	88	30	10
29	80	79	28
33	9	57	42
13	65	97	5
86	32	48	7
37	13	9	6
58	84	12	21
70	49	42	7
13	66	9	32
68	95	61	46
48	13	41	24
43	3	57	35
92	94	50	36
58	55	61	36
42	30	53	23
15	98	11	8
13	85	67	46
53	12	99	34
55	96	72	49
10	26	55	16
87	34	3	21
4	66	36	27
32	9	36	8
17	67	52	39
25	39	69	3
71	68	31	33
96	8	59	13
6	8	57	18
99	88	34	45
48	13	18	3
61	60	92	22
2	3	89	45
6	79	42	41
50	30	29	11
32	93	58	10
6	56	10	50
99	74	22	1
18	37	43	29
19	51	10	28
88	81	25	26
94	32	95	33
8	37	25	7
30	3	14	19
83	18	74	3
81	13	48	9
24	15	4	10
18	29	13	11
84	10	63	45
90	22	92	49
12	83	86	22
33	80	95	12
32	63	82	7
11	65	40	25
35	25	97	11
18	47	5	22
45	40	60	22
64	62	23	25
96	78	56	9
67	50	3	15
79	6	12	9
31	60	42	49
12	84	78	32
24	85	94	3
66	98	87	43
78	91	69	19
77	7	66	49
72	72	65	26
63	17	74	4
17	36	16	32
64	4	3	27
16	50	57	19
40	65	58	19
85	12	95	37
32	35	55	20
8	35	70	1
26	80	34	42
51	93	87	46
39	98	69	22
51	20	98	30
70	62	5	46
18	81	87	25
37	77	80	33
94	98	12	32
77	29	41	38
96	37	56	3
44	38	96	36
74	96	1	30
58	25	56	9
36	64	62	14
55	75	26	16
71	56	40	38
20	44	58	18
65	11	82	19
76	5	91	4
7	38	100	14
39	13	54	6
50	66	2	48
19	56	59	41
40	78	6	49
42	46	67	14
55	100	9	3
69	97	80	46
95	9	58	1
16	94	51	31
42	35	47	23
31	56	96	7
34	59	31	13
93	98	53	3
66	99	69	5
17	78	17	18
37	10	10	5
73	37	88	44
35	24	40	47
75	90	6	37
31	67	41	22
32	93	82	14
1	53	75	24
92	83	11	44
63	91	67	42
54	66	99	22
92	24	72	13
64	29	21	33
97	85	67	39
78	5	6	1
61	61	49	19
24	32	64	9
48	100	44	45
35	72	41	17
94	40	33	24
32	60	99	27
65	31	29	42
2	21	23	16
48	58	54	38
26	14	65	28
18	81	46	30
8	67	95	29
83	79	22	33
13	12	67	6
52	77	70	47
85	26	41	18
17	39	50	33
72	33	77	11
34	2	71	20
100	23	47	21
17	24	74	47
86	58	100	2
16	48	89	10
59	57	55	13
42	83	52	50
77	87	89	46
50	80	17	2
13	1	51	36
53	7	90	19
22	65	54	2
50	84	79	24
33	17	29	48
66	33	33	1
56	60	63	7
42	8	30	7
21	6	54	18
47	50	70	1
37	3	71	12
60	62	46	48
44	92	58	22
27	40	27	44
58	54	44	7
76	62	7	27
40	97	47	43
45	63	39	5
95	15	48	37
6	56	83	17
76	34	69	18
3	95	83	3
37	13	86	23
81	90	42	19
2	94	82	40
71	68	27	19
25	31	33	1
77	67	97	35
61	81	76	26
67	25	45	38
33	35	38	5
100	30	62	47
73	24	26	2
62	70	64	7
23	81	74	26
47	24	87	31
78	24	27	42
90	74	46	45
95	33	37	40
100	22	47	25
40	90	17	19
61	17	84	47
94	35	46	35
36	88	17	34
36	96	8	44
17	37	36	17
68	93	11	5
74	87	74	32
70	7	55	47
52	60	52	39
34	64	100	3
100	92	72	50
97	40	95	20
50	74	75	30
52	10	85	14
9	57	45	12
100	24	57	8
47	43	51	41
90	75	75	27
69	38	4	33
12	67	28	28
28	63	69	13
88	31	53	9
21	22	97	48
88	36	49	42
18	50	58	39
95	97	24	10
95	69	60	46
94	61	62	47
91	31	96	10
63	57	6	35
81	77	68	35
78	29	81	38
49	51	22	43
87	73	50	30
53	76	29	27
13	14	33	40
55	53	3	22
25	60	14	48
49	18	100	4
78	67	22	43
77	73	18	17
74	82	39	34
11	79	45	14
4	81	58	39
95	25	20	29
88	13	57	46
57	5	35	13
17	86	51	8
55	75	67	16
19	69	33	26
64	61	14	18
40	22	83	29
16	96	95	32
83	57	32	20
19	12	91	26
44	18	20	37
80	81	7	6
95	86	26	8
84	55	2	28
51	23	78	16
81	31	55	21
31	6	39	8
94	33	28	10
73	55	4	29
83	94	6	2
32	95	64	12
96	85	84	29
43	65	89	11
90	48	63	35
66	15	76	46
28	87	40	23
76	88	73	47
12	35	94	12
46	86	55	29
20	8	6	14
47	66	78	34
54	58	87	23
53	63	19	32
41	100	6	23
83	71	53	13
