25	37	35	100	74	49	63
86	56	14	92	32	99	18
86	16	26	52	58	27	21
18	58	54	28	54	21	63
61	48	74	47	3	57	93
71	29	13	14	81	50	69
79	94	34	70	96	69	87
25	49	55	50	81	63	90
91	96	30	5	27	87	56
17	46	81	1	13	96	36
97	58	98	95	8	96	38
25	60	41	62	44	71	6
75	74	8	16	28	64	70
57	26	41	58	13	20	15
73	71	26	90	16	86	83
31	72	42	19	8	61	73
6	6	96	7	91	29	51
8	9	57	87	75	84	54
82	17	83	61	24	56	28
58	79	45	31	32	64	3
83	10	44	73	90	89	59
11	36	52	62	69	13	36
93	67	41	13	70	33	79
47	12	52	1	73	18	63
35	48	23	83	10	34	57
55	85	34	96	45	30	60
26	6	43	99	97	55	55
38	47	91	25	97	40	98
4	69	62	89	6	86	98
2	73	19	95	19	68	46
85	50	66	30	91	73	38
59	21	31	48	80	92	89
45	74	15	35	73	84	82
28	16	51	88	77	28	62
10	68	17	18	57	37	38
23	58	57	60	21	30	37
37	61	52	23	8	46	70
60	1	2	92	89	72	43
50	27	2	47	95	94	73
43	1	25	15	9	61	78
52	26	76	39	21	44	99
79	6	44	60	19	2	70
2	82	48	45	41	61	60
31	2	67	83	55	70	21
85	90	41	93	20	12	52
91	85	7	65	65	31	17
41	35	68	35	45	48	79
36	37	40	80	70	30	84
66	49	26	43	7	64	69
72	62	42	61	32	72	32
8	80	68	28	90	48	93
74	24	67	51	80	70	92
54	24	75	96	63	94	55
15	3	71	34	24	6	4
73	81	72	46	54	21	55
63	40	39	32	13	91	56
32	33	50	55	27	49	93
48	83	17	28	97	16	49
43	13	64	17	60	44	25
87	16	45	66	62	6	90
64	14	33	28	84	77	82
6	78	23	92	17	83	99
70	96	90	56	63	48	9
9	76	85	81	86	88	34
16	64	76	88	17	94	37
56	18	95	18	90	39	78
46	26	28	63	86	65	49
75	39	19	99	53	13	64
96	99	88	82	42	22	59
37	71	95	35	77	37	30
50	79	24	71	70	79	49
1	25	2	70	1	52	27
86	98	95	77	70	26	18
63	38	5	50	34	39	51
95	51	25	82	94	64	35
27	40	60	10	68	74	95
37	56	26	79	57	1	11
2	87	20	84	91	69	43
44	92	85	45	80	90	27
69	92	90	19	93	33	16
9	31	64	50	27	72	65
3	100	100	3	65	85	31
24	50	14	33	39	69	19
95	54	66	90	16	63	37
38	4	20	69	29	34	95
7	55	8	9	99	75	98
57	72	89	18	75	40	99
54	50	41	59	79	22	44
26	64	33	58	95	43	70
96	82	81	61	19	16	28
97	33	33	94	81	83	23
87	44	18	16	77	90	65
41	80	81	66	71	84	81
8	12	44	36	7	71	59
7	31	91	94	60	91	31
46	26	84	53	46	55	65
51	55	6	94	93	57	1
20	54	49	67	63	26	4
57	20	97	77	26	46	67
41	54	34	53	93	28	87
1	40	74	71	42	21	54
87	77	67	74	77	12	1
8	41	85	8	36	61	21
29	21	56	96	52	56	86
1	20	14	8	14	86	25
80	65	24	67	80	21	75
90	41	51	100	35	57	39
51	56	30	91	58	57	2
26	17	69	88	95	24	72
45	93	33	56	34	72	55
54	100	69	92	4	61	2
7	7	63	70	2	68	27
77	18	5	86	23	22	11
14	4	71	97	27	93	28
83	11	64	19	48	88	49
60	90	96	72	32	65	53
33	1	57	95	92	21	36
66	30	70	30	30	16	52
53	94	61	23	100	13	45
89	78	14	61	14	86	63
23	39	39	75	40	13	59
13	89	50	71	92	78	37
60	37	85	97	19	48	6
97	71	2	6	81	30	78
12	5	82	30	81	59	72
12	91	21	44	5	20	10
71	21	14	64	18	65	20
96	79	86	2	100	15	43
51	38	86	68	14	11	27
77	15	85	80	97	47	59
62	96	91	11	47	61	27
20	25	37	22	53	87	71
32	25	58	98	61	18	17
62	92	88	48	33	48	87
24	17	50	1	46	31	39
62	78	87	15	81	12	20
6	96	32	36	34	32	57
70	96	29	15	51	17	29
50	30	4	49	85	12	89
89	54	84	86	76	44	98
81	2	87	75	84	82	29
58	25	98	28	51	31	30
14	50	14	64	13	93	55
66	37	52	83	76	100	57
59	19	94	9	12	97	42
19	75	51	57	45	27	25
68	82	52	71	47	32	63
53	58	45	58	21	97	58
53	85	78	44	12	17	40
70	31	28	78	75	89	20
66	82	62	56	6	58	99
65	26	27	60	26	84	7
82	60	97	74	54	31	12
22	91	6	24	44	70	6
18	83	37	17	46	38	50
12	53	31	84	93	11	3
18	59	3	13	94	38	57
13	98	37	3	31	3	42
56	31	97	14	76	97	41
49	22	60	32	2	31	53
67	68	66	69	86	81	87
32	88	96	19	74	24	78
28	41	81	20	94	76	76
60	63	15	56	66	85	39
30	39	38	11	14	94	98
41	7	44	15	58	14	62
37	74	13	22	27	86	96
25	63	38	85	19	50	95
71	74	96	72	24	24	70
52	86	39	13	18	6	94
77	2	13	90	53	33	8
60	65	20	43	73	21	80
24	3	46	24	11	26	22
27	4	96	72	16	14	36
1	58	19	22	87	28	95
2	96	55	50	41	96	89
79	39	76	33	6	23	89
31	15	9	11	63	14	25
59	63	81	86	77	23	12
26	27	97	71	20	53	71
48	3	56	59	67	35	18
34	15	74	22	99	20	45
17	90	38	87	3	40	90
16	36	44	73	99	85	37
17	65	50	5	21	26	3
29	87	20	39	64	80	90
81	73	69	95	91	83	50
94	24	52	48	88	5	47
84	70	84	48	42	70	53
77	87	33	55	46	74	28
35	63	86	57	66	75	89
32	13	39	27	4	43	48
42	73	71	18	56	45	37
14	76	23	22	15	47	43
81	99	79	50	39	61	94
18	91	96	3	8	28	19
17	65	98	85	56	81	8
100	54	88	90	42	63	22
68	41	27	89	49	39	52
57	71	36	42	51	81	81
5	10	71	65	19	7	74
35	48	57	75	36	53	39
3	19	58	36	68	68	17
67	76	33	88	61	51	87
55	96	70	11	45	38	52
53	96	61	13	51	33	10
90	87	44	91	69	73	79
52	15	46	65	1	12	59
76	31	98	40	35	73	1
74	9	56	23	54	60	57
29	1	44	6	66	61	48
11	78	25	83	43	80	7
62	31	66	77	90	55	84
47	59	55	37	36	100	59
16	40	75	62	62	94	29
75	93	44	54	84	51	99
11	23	36	88	96	76	97
53	55	50	60	94	67	85
7	44	57	41	5	52	60
18	19	8	71	20	47	37
26	61	71	67	27	82	91
3	64	39	58	82	10	82
71	68	62	93	54	72	37
88	8	93	14	68	29	35
81	21	45	8	7	42	98
69	10	72	51	69	45	26
36	86	85	49	100	79	44
95	90	44	15	36	25	1
94	27	79	45	68	16	55
70	5	78	52	46	33	68
85	99	27	65	74	9	53
71	89	89	73	17	72	10
71	45	80	13	94	23	85
70	39	14	96	47	41	67
92	28	11	64	37	57	43
100	94	39	59	46	72	68
72	45	69	1	6	28	58
99	100	95	88	35	68	5
63	84	76	98	58	98	61
12	61	53	80	39	88	10
64	57	88	41	98	35	71
100	43	74	97	88	91	61
84	26	80	8	23	14	76
23	24	70	16	69	95	59
28	16	92	19	17	21	85
37	40	42	63	87	24	50
2	2	25	41	70	11	99
87	21	66	82	70	60	63
15	60	43	97	52	51	29
33	59	86	26	38	28	28
68	43	57	4	64	88	61
56	39	39	59	73	21	98
85	71	14	7	52	19	6
52	40	50	25	34	19	21
93	58	41	18	61	48	63
86	46	49	21	75	25	25
81	60	64	14	84	59	82
91	23	69	72	36	61	9
45	100	35	9	98	93	14
79	86	83	63	95	68	34
61	99	69	58	68	48	39
28	1	6	81	5	54	53
91	55	92	38	35	45	13
97	67	6	85	86	4	37
47	19	58	91	40	36	53
8	14	25	97	42	27	65
79	75	13	54	93	11	36
96	2	88	85	27	33	63
5	14	69	4	15	27	16
14	26	65	99	71	64	33
8	63	37	94	57	56	2
90	80	60	35	46	30	88
90	65	31	14	83	46	83
17	10	68	8	82	88	90
50	63	22	54	45	59	48
88	4	6	49	2	61	8
80	11	6	64	2	90	81
7	91	29	2	34	92	47
71	98	6	50	32	15	94
3	51	94	84	32	58	29
38	100	53	87	13	60	76
80	88	84	22	39	37	48
28	70	97	4	27	89	59
97	80	100	93	69	76	96
56	59	18	49	76	97	71
88	20	21	14	86	52	32
17	99	63	44	2	85	5
88	78	85	81	74	94	2
86	23	50	77	65	11	57
22	55	20	24	90	11	80
66	66	58	71	73	64	5
72	81	44	2	48	75	94
97	39	12	42	45	15	72
11	96	15	29	68	97	35
98	53	99	5	23	63	40
82	76	38	95	95	48	40
51	40	36	97	86	22	17
44	93	45	8	97	66	1
71	64	5	47	91	69	64
97	44	92	89	25	97	90
76	84	44	29	57	34	24
95	20	74	11	94	19	19
47	71	38	31	4	41	17
16	1	10	40	39	7	22
89	26	3	85	27	55	75
2	65	63	94	39	69	39
9	94	53	2	17	21	38
16	87	1	98	49	26	73
85	45	55	59	22	35	7
51	65	1	28	45	58	95
75	43	38	78	18	77	13
87	5	86	38	33	78	21
89	78	53	39	68	10	79
77	72	97	46	61	47	26
5	33	47	73	7	69	8
39	55	50	21	73	33	62
80	33	99	5	54	79	38
49	98	93	40	10	6	49
15	20	19	22	79	61	41
3	32	89	78	29	66	39
10	51	84	41	67	63	25
4	13	39	74	11	98	12
36	11	14	62	16	53	83
18	83	44	20	56	58	31
43	32	21	71	21	9	42
49	73	23	13	73	6	79
65	59	39	78	68	15	85
29	87	64	18	76	62	11
72	40	22	85	56	65	19
36	80	83	29	97	53	43
94	100	83	40	38	35	75
63	95	87	27	21	70	37
3	66	74	4	69	61	50
97	98	78	63	35	51	37
35	65	91	52	94	82	12
12	59	30	69	95	22	56
93	36	22	41	15	11	65
22	17	22	73	65	28	94
88	7	29	98	18	35	82
45	58	72	89	37	65	37
60	72	96	14	17	6	50
65	82	71	83	49	97	1
92	20	89	91	55	49	88
33	34	72	48	34	61	69
34	60	82	89	56	93	41
2	32	4	69	65	70	38
78	11	67	66	10	70	9
58	78	70	54	66	23	69
27	28	5	95	99	36	85
68	13	48	33	56	72	90
41	32	33	35	67	69	80
3	46	75	62	67	44	100
80	93	53	69	17	26	85
6	39	73	53	11	26	28
74	82	80	44	54	7	51
32	36	1	13	9	54	81
93	60	25	97	56	55	96
29	37	50	25	7	100	36
73	10	48	67	74	64	25
67	5	94	78	30	28	98
75	51	42	89	68	78	67
19	58	47	72	83	96	66
4	22	20	88	46	21	71
44	16	56	96	87	33	61
36	96	62	49	9	96	65
17	31	86	60	97	69	79
77	72	6	90	35	98	66
12	95	8	16	23	87	91
29	3	24	72	32	19	87
12	91	79	35	22	8	4
28	57	21	34	25	19	71
35	64	3	63	14	54	75
55	57	92	65	86	40	37
41	11	98	35	86	45	63
45	90	58	7	10	65	93
46	70	23	67	47	43	86
2	82	9	36	15	76	4
83	82	41	19	16	78	28
39	90	46	41	23	22	19
39	32	16	20	6	84	45
76	70	34	56	27	39	13
49	34	65	57	7	74	42
61	22	30	79	87	40	1
28	20	66	95	59	89	25
4	32	65	58	49	15	91
43	36	15	93	99	28	29
87	32	92	41	67	11	3
32	23	10	43	92	89	82
31	2	47	82	43	33	80
27	23	26	78	28	98	69
17	79	33	79	84	98	39
12	18	52	95	8	8	12
68	85	100	7	44	85	89
39	10	5	54	85	57	15
81	5	73	83	62	57	27
79	72	6	33	92	79	26
17	57	73	45	82	44	86
7	49	15	81	97	49	72
64	18	72	38	92	54	54
26	49	16	55	96	16	59
92	52	5	62	41	16	60
42	46	71	7	48	17	19
94	25	17	71	78	69	80
45	27	84	42	53	66	23
16	69	99	67	2	90	35
2	41	63	51	37	88	22
84	95	58	27	90	9	82
51	62	86	66	26	88	52
62	56	3	46	68	47	35
15	67	88	43	59	68	87
18	28	1	39	96	59	93
94	67	61	73	69	82	43
80	23	54	50	42	70	76
87	7	42	18	91	20	98
80	11	88	63	66	90	54
22	54	2	16	38	47	5
9	30	3	52	65	51	90
4	32	68	41	8	8	88
30	19	38	18	79	70	85
91	70	1	12	1	3	44
99	57	76	55	30	34	37
26	3	11	68	81	42	14
18	19	71	15	68	97	21
43	4	70	2	4	95	66
19	31	13	23	65	59	42
50	63	72	10	42	46	52
50	97	31	55	52	62	23
89	61	90	59	23	95	23
71	12	100	4	39	96	41
97	56	8	41	35	12	3
5	98	92	76	54	10	39
86	10	82	72	32	37	24
74	99	55	7	33	82	56
65	47	32	56	85	63	36
80	66	76	19	38	11	90
17	29	56	35	21	47	80
1	26	96	89	56	39	47
12	63	14	7	93	42	59
36	53	75	53	89	54	34
55	69	86	58	1	20	46
8	85	7	97	35	42	84
67	58	27	97	28	7	98
8	7	54	35	17	11	35
100	57	95	74	5	52	31
57	55	25	75	18	70	41
39	3	66	89	7	9	77
55	6	72	93	33	72	20
57	88	1	77	32	70	81
19	17	87	43	81	53	32
100	62	37	51	81	40	81
4	50	96	86	50	39	89
63	22	94	58	62	100	73
87	94	34	8	8	51	54
21	38	21	34	27	71	98
28	3	71	43	40	16	92
2	98	3	74	59	57	38
81	66	82	87	68	91	98
35	23	8	78	19	55	14
21	83	6	95	48	58	80
42	8	79	89	99	51	81
78	60	95	33	34	41	27
41	20	13	12	12	77	4
2	31	1	72	20	78	6
57	76	81	51	40	86	36
36	87	35	96	12	93	56
66	38	26	17	88	58	57
100	62	77	92	68	65	90
84	12	44	34	45	81	27
7	44	98	38	79	28	19
18	99	75	6	76	98	4
71	82	71	97	73	39	44
86	45	61	41	3	11	72
12	46	4	95	68	6	84
81	26	62	81	12	40	62
74	21	58	89	97	100	89
61	2	30	90	72	86	10
43	96	86	83	95	40	74
9	86	88	49	88	4	81
51	2	12	46	25	33	85
19	53	77	89	3	83	56
27	99	78	42	75	29	62
29	37	37	9	2	86	69
44	28	35	71	88	98	71
95	89	68	93	91	89	13
67	91	12	48	16	49	46
30	57	56	4	94	84	33
52	35	65	31	15	40	19
1	62	69	96	10	38	18
72	76	42	93	54	75	4
29	14	75	3	70	21	100
58	25	21	42	30	95	18
76	28	68	86	59	86	21
99	52	38	79	66	100	49
4	48	25	92	30	62	47
90	97	48	65	72	8	58
71	27	1	69	80	97	36
8	99	25	56	75	85	31
29	72	45	97	52	55	52
32	4	47	65	1	82	53
17	32	6	21	50	93	38
36	38	68	90	97	95	16
81	1	72	25	50	98	53
12	53	64	63	68	77	2
60	66	59	68	5	6	82
58	74	67	56	89	80	71
9	49	67	35	53	51	37
40	41	40	6	81	55	67
7	3	78	44	73	27	69
29	5	96	70	31	11	11
90	54	6	19	55	72	76
29	22	77	17	97	48	93
29	67	85	1	34	71	21
37	1	40	34	31	38	27
23	92	50	58	10	66	81
40	57	10	4	53	15	47
56	82	75	12	69	96	97
74	45	11	4	15	37	30
42	12	22	36	62	25	16
94	95	100	4	46	26	33
81	35	9	76	38	96	69
99	46	13	48	78	54	92
91	98	69	60	54	22	85
44	55	23	48	43	29	85
91	22	80	47	72	75	89
49	51	92	27	98	66	85
33	71	64	98	100	91	23
67	69	49	49	88	96	52
27	30	84	28	31	7	66
43	2	96	24	70	67	23
41	22	83	58	61	40	85
95	7	56	54	74	16	32
100	8	30	45	95	97	35
63	27	93	59	99	54	64
48	45	87	63	53	14	68
83	67	55	18	34	77	57
18	82	74	98	50	5	55
35	45	14	71	55	79	66
57	68	82	73	89	62	90
25	30	85	17	18	2	95
78	47	19	70	27	90	71
16	99	86	53	3	82	100
89	28	82	54	26	4	54
98	14	64	67	91	99	37
21	10	3	52	32	69	62
55	35	37	77	57	92	95
84	95	67	67	80	59	48
5	68	35	55	41	59	2
73	63	78	16	43	36	7
25	43	17	35	50	86	74
80	23	29	86	19	97	68
34	10	50	36	29	49	53
86	56	92	69	64	40	52
5	74	56	80	91	2	63
84	36	13	55	62	28	87
1	21	71	96	34	19	41
23	45	68	10	84	31	96
49	54	81	41	78	98	44
45	50	26	13	51	51	53
78	23	79	33	87	97	63
35	37	76	83	75	82	98
72	84	29	54	38	67	2
95	35	82	84	93	84	18
66	13	38	99	96	74	83
93	98	91	43	78	85	16
2	82	4	47	12	54	57
66	23	75	6	15	79	23
7	100	11	71	95	94	14
7	40	85	8	35	79	84
29	57	47	9	18	55	1
51	19	27	56	48	77	34
84	56	90	45	51	76	43
24	48	9	22	65	54	72
55	70	58	58	49	37	7
33	73	59	27	55	63	95
45	41	39	8	4	48	98
21	30	30	26	55	43	26
84	33	28	56	18	34	43
77	49	28	25	84	16	89
85	51	32	62	9	14	29
46	10	29	46	92	87	79
9	25	99	32	27	22	29
94	19	66	42	85	59	25
54	14	48	48	49	4	93
36	59	56	42	16	24	35
35	6	73	21	24	40	13
42	62	19	5	26	11	84
7	61	58	33	97	54	58
1	87	59	61	72	84	83
8	5	87	88	33	7	97
1	24	81	6	49	11	94
13	71	71	21	55	18	72
33	79	23	2	24	74	35
5	37	7	42	62	35	20
27	30	36	95	28	84	17
37	53	48	71	15	59	88
38	36	9	5	85	91	17
31	18	18	84	4	28	28
51	57	95	26	82	85	65
11	39	70	66	63	96	81
70	41	11	39	1	4	82
58	52	3	73	49	76	46
88	91	68	82	99	57	100
61	50	87	18	57	61	32
11	42	52	48	22	19	15
5	3	34	86	5	21	77
38	5	65	91	57	36	62
76	47	6	73	80	88	5
3	72	92	79	27	34	96
35	31	82	31	9	94	76
16	95	93	10	90	95	55
27	73	26	19	84	25	88
69	13	80	11	51	10	19
48	71	10	16	30	71	53
51	11	49	80	64	31	48
14	38	69	56	21	35	48
73	57	38	40	2	50	39
9	54	77	13	60	74	52
75	71	96	69	20	65	6
50	92	69	57	77	22	95
76	80	17	58	18	36	48
56	88	79	46	55	83	29
52	64	46	3	25	85	87
6	72	85	47	100	80	94
65	6	21	21	23	22	16
43	72	70	69	90	12	28
42	54	14	42	87	58	12
99	35	80	66	97	10	98
11	71	26	86	53	49	57
76	67	85	70	98	26	82
85	47	38	93	32	25	11
78	23	69	5	54	15	29
18	15	98	67	81	27	31
18	82	64	64	88	20	45
93	35	8	39	41	13	27
25	5	44	93	50	63	32
30	76	9	57	5	61	35
8	39	58	23	86	12	35
38	73	95	88	82	73	35
61	45	71	16	89	14	12
18	36	21	18	62	61	40
53	29	70	64	45	55	18
100	21	28	27	86	6	11
68	36	78	26	35	53	94
59	3	52	47	94	22	46
45	25	34	58	89	18	53
90	77	32	20	64	86	82
36	61	32	80	3	67	90
48	85	42	74	99	32	50
25	73	98	22	12	85	8
19	32	58	87	17	89	67
35	85	60	45	42	44	67
17	21	1	100	84	24	49
30	86	32	30	92	69	14
1	6	15	8	24	49	82
99	24	43	18	56	85	17
6	87	87	10	24	29	62
7	72	46	76	13	30	72
84	58	69	11	32	52	28
49	93	89	28	55	83	87
85	60	7	28	67	47	18
40	59	19	96	16	69	48
29	71	87	24	48	15	53
22	48	1	10	16	84	27
7	69	2	54	67	83	52
30	80	95	85	25	5	88
97	65	46	38	84	37	34
2	21	50	93	6	67	61
74	53	98	90	31	10	18
13	92	28	49	80	59	55
19	34	88	78	18	7	92
50	58	51	35	15	79	13
12	54	25	47	9	11	81
10	83	33	8	11	48	52
42	23	100	56	3	14	51
45	23	59	83	55	60	100
60	41	63	47	55	15	92
45	69	31	61	55	77	20
40	91	25	50	99	100	92
59	1	79	69	17	62	75
8	3	89	14	8	96	81
11	76	8	42	43	36	45
64	83	88	40	51	20	88
60	30	22	66	41	48	42
66	72	33	50	13	14	26
57	26	48	14	37	44	4
78	89	31	25	99	88	12
42	40	10	13	33	64	56
15	34	89	82	56	73	62
97	38	44	75	30	24	17
31	19	31	37	37	70	10
91	15	3	40	19	62	7
14	24	32	10	96	5	10
50	95	30	40	73	46	74
50	93	7	28	61	25	48
14	77	31	28	35	42	90
41	46	56	77	64	8	33
35	95	5	13	1	33	34
29	1	35	36	38	64	97
40	95	17	54	2	7	94
9	85	8	84	23	81	17
87	10	15	54	80	45	22
98	67	26	69	46	67	70
56	60	39	13	27	52	67
35	57	21	53	1	18	43
27	13	71	7	88	15	76
56	37	69	85	78	84	90
4	45	72	91	66	12	40
98	42	96	36	36	87	36
2	18	91	44	56	75	71
28	55	39	31	36	95	20
91	90	15	17	4	9	84
88	33	28	74	95	16	7
28	93	100	84	99	43	21
63	58	78	98	14	97	52
27	14	51	32	92	85	1
17	45	23	4	45	32	10
54	97	4	50	28	86	7
59	7	47	23	91	36	91
22	72	48	50	41	5	74
9	56	41	13	34	64	21
39	44	25	25	20	58	22
30	41	3	87	11	95	62
99	90	17	31	81	47	63
82	57	76	99	3	97	40
21	86	4	32	90	51	82
45	34	60	30	65	55	82
64	50	59	93	93	3	85
75	24	76	93	1	16	12
85	40	52	41	99	66	47
9	53	23	29	30	34	85
82	23	66	93	9	7	77
75	16	82	17	83	61	34
80	14	33	33	44	14	80
90	30	85	30	97	66	45
60	17	22	49	23	53	20
40	33	70	11	31	53	53
57	95	98	92	10	29	56
50	91	97	75	49	16	31
17	88	1	18	15	65	48
48	97	76	84	55	27	13
85	81	69	63	98	30	40
72	96	41	50	4	85	50
48	13	51	54	41	41	81
53	23	20	96	29	25	15
69	88	93	17	71	82	23
85	76	16	65	10	33	27
39	9	33	64	88	57	1
11	97	27	45	77	87	73
40	90	42	16	48	8	11
69	8	70	44	53	61	29
12	95	53	4	79	39	75
21	53	57	93	1	80	4
70	21	20	50	41	63	39
98	81	69	23	9	55	58
94	18	48	70	21	51	96
69	15	45	60	44	79	23
95	12	11	98	93	39	12
9	36	38	26	18	98	63
52	74	95	62	67	4	25
1	69	37	16	9	78	83
15	69	96	41	85	72	60
10	53	33	96	95	54	36
25	24	11	62	24	7	64
51	65	21	92	11	40	7
51	24	70	77	22	57	22
52	25	53	25	38	64	38
15	96	10	36	59	34	32
76	21	83	52	49	62	6
23	16	89	42	50	1	78
15	63	49	96	5	89	62
72	19	68	5	23	16	2
44	2	25	6	95	77	96
57	73	45	16	55	30	33
90	38	39	29	40	66	11
97	3	72	42	14	20	7
8	90	33	45	52	80	88
4	77	15	75	45	32	91
42	86	37	6	79	90	64
33	36	50	25	91	90	97
85	61	16	25	17	27	40
92	4	92	14	13	75	91
74	12	84	22	50	99	69
47	49	37	50	9	95	31
93	65	12	26	57	63	91
52	50	50	77	65	14	49
74	71	6	70	38	66	74
41	58	73	10	82	52	37
45	83	94	18	85	12	26
89	90	21	68	67	35	72
76	56	74	60	59	19	13
82	29	93	29	66	40	22
12	32	39	53	44	82	84
11	56	51	84	52	28	6
13	40	48	12	22	21	9
42	22	89	91	67	37	49
6	28	15	24	83	23	64
62	78	69	88	34	16	86
36	34	80	37	53	74	46
35	55	58	88	92	93	54
86	60	6	2	61	40	12
73	50	91	94	38	86	77
49	58	67	15	24	13	98
24	68	14	97	33	85	43
67	70	67	93	7	83	12
67	80	27	4	5	13	6
32	92	32	7	22	36	73
75	54	63	75	31	62	44
80	52	18	32	45	23	27
16	39	5	100	29	74	58
6	64	98	53	57	98	90
71	93	47	26	6	32	6
38	46	63	42	60	17	68
22	21	66	61	2	37	73
26	84	22	45	45	25	59
22	51	40	79	91	91	25
20	98	29	63	47	45	31
19	16	95	54	51	53	73
22	20	24	19	13	7	22
62	11	91	91	36	23	66
69	98	76	42	41	68	85
67	47	46	41	56	21	65
42	47	45	51	53	62	93
54	89	80	1	37	89	29
82	28	1	48	100	88	98
44	6	56	100	82	56	57
9	67	26	92	26	23	97
33	36	64	93	99	88	66
62	18	52	15	50	72	22
34	70	8	87	18	77	6
100	36	42	42	74	22	95
50	95	49	11	15	80	17
12	83	33	63	81	70	80
6	5	87	99	74	49	29
36	56	81	20	34	2	81
13	49	35	40	38	72	90
65	94	73	46	73	79	46
36	86	9	53	73	87	18
17	48	93	88	22	52	18
49	19	46	57	61	28	9
100	53	44	20	88	11	34
64	44	61	93	89	60	81
21	52	4	9	60	10	11
90	85	63	56	3	7	56
95	28	38	30	20	61	24
20	53	64	75	97	58	30
68	69	55	40	97	53	54
5	3	77	12	77	55	79
46	73	8	11	77	85	86
76	72	26	63	5	39	3
89	7	36	86	75	68	17
84	95	35	86	44	71	53
86	88	62	77	67	38	16
29	27	53	66	96	40	3
20	84	49	25	71	28	92
62	31	77	45	57	37	70
7	18	4	81	69	71	71
3	76	52	23	29	24	100
17	67	56	66	85	76	40
78	40	41	41	37	39	64
6	27	18	94	23	18	93
55	100	55	8	44	79	91
92	35	10	61	25	60	95
6	85	72	31	73	40	86
36	76	37	73	64	100	9
19	87	86	65	5	97	84
42	23	36	83	84	38	10
19	81	51	12	61	94	61
6	34	58	22	27	19	82
75	33	37	54	65	89	100
46	16	42	15	67	96	95
100	1	9	26	86	94	80
42	26	31	76	48	79	91
75	86	65	46	97	5	6
33	48	84	13	35	56	17
83	42	83	42	50	63	1
43	92	61	29	46	52	69
26	38	26	23	64	89	95
95	51	92	71	80	69	7
49	26	58	96	50	53	73
77	69	40	41	21	36	94
23	53	45	5	97	56	39
11	39	8	58	70	46	30
33	43	54	41	84	31	87
68	95	56	80	42	88	26
69	38	12	42	18	55	32
55	63	82	92	43	49	79
88	14	1	73	17	54	21
33	74	72	1	70	39	44
61	26	2	48	38	16	25
64	17	6	74	44	94	26
30	80	62	19	24	58	37
92	75	76	33	8	85	63
85	88	72	37	11	54	91
73	6	67	18	86	27	28
93	41	98	25	32	29	99
52	94	20	28	51	56	36
38	36	98	38	10	47	35
36	16	57	87	91	13	53
67	26	96	40	41	59	28
48	66	45	67	64	54	34
54	71	59	44	5	29	26
79	31	36	79	38	38	4
24	95	51	7	45	86	47
23	92	4	80	9	64	93
8	53	19	25	74	27	28
84	1	25	79	49	100	65
46	62	84	46	7	67	27
61	87	41	77	90	69	76
100	86	78	3	72	8	95
31	28	71	25	1	89	31
41	92	99	48	91	12	41
51	64	78	58	83	95	66
52	23	6	93	38	45	14
76	63	76	6	44	31	78
58	41	10	59	73	74	81
14	92	14	64	47	53	2
14	50	58	72	3	50	97
61	31	49	73	5	85	41
84	97	83	96	55	63	93
28	86	34	24	97	52	20
73	53	38	56	91	92	32
40	7	86	27	2	1	40
89	22	96	24	86	53	80
48	52	12	13	14	8	11
86	7	66	87	52	42	29
69	57	20	28	28	58	36
95	16	17	58	30	54	76
68	9	9	43	21	1	66
98	63	18	99	100	80	14
65	1	39	24	72	40	5
83	45	36	90	15	11	7
89	62	40	44	89	94	57
22	6	1	80	75	52	32
28	59	86	59	18	12	52
100	61	87	64	26	75	47
47	78	99	10	37	75	41
99	15	72	62	46	88	44
12	93	70	77	40	87	18
33	46	2	34	28	50	62
57	87	46	99	31	17	41
7	53	58	11	47	61	5
62	86	45	94	23	58	35
8	56	15	79	18	24	57
50	59	39	29	11	4	43
75	27	43	76	6	52	97
35	61	39	55	84	26	18
62	13	21	24	65	30	80
96	46	91	4	10	33	9
73	59	68	83	38	59	18
15	82	3	31	84	79	71
1	16	20	51	18	59	17
59	80	66	46	93	54	100
24	81	99	86	12	4	86
75	49	64	74	11	82	51
24	49	81	38	17	37	7
52	86	52	98	4	65	34
27	19	15	49	48	56	74
60	75	19	84	52	21	84
83	100	90	52	68	89	26
45	35	98	97	58	38	17
61	98	98	99	39	56	6
94	82	74	62	37	86	66
15	1	46	31	13	84	20
98	35	27	25	69	72	46
5	90	45	32	13	8	65
31	90	85	52	62	17	88
46	60	50	4	47	65	16
8	64	84	88	87	27	58
12	74	61	22	67	67	47
36	90	11	47	9	82	46
78	75	51	52	67	43	69
66	52	69	10	77	44	33
57	97	79	83	55	57	2
19	16	38	62	95	95	85
33	29	10	66	100	46	69
71	37	72	62	50	4	91
6	38	82	57	63	22	58
87	22	81	73	96	83	72
92	21	46	37	33	67	48
72	17	38	18	47	18	65
75	93	21	70	37	51	88
64	12	3	59	85	25	85
67	86	83	72	50	40	76
16	40	79	84	32	4	92
88	47	88	3	30	26	36
26	72	52	13	89	92	70
51	65	58	52	70	12	16
44	50	54	86	23	33	90
70	28	39	65	41	29	44
78	99	93	61	53	78	35
28	84	30	23	61	41	5
14	4	83	86	2	78	85
57	72	85	96	94	100	28
71	32	41	62	19	71	23
41	99	18	5	56	44	35
55	26	14	60	5	15	12
61	42	32	73	87	66	91
40	89	4	85	97	63	37
84	58	44	100	44	46	39
41	53	41	13	99	97	23
11	81	70	87	69	70	18
44	57	13	87	71	94	63
80	85	35	99	32	15	47
10	45	98	49	98	91	72
11	26	72	46	13	72	56
75	64	14	98	64	87	47
100	31	21	31	70	26	82
78	28	23	59	19	22	32
72	88	62	73	12	100	83
11	9	57	26	89	58	77
2	94	51	93	24	47	63
71	16	1	59	84	9	37
70	4	70	42	97	10	20
30	11	53	70	9	32	73
96	48	79	29	94	19	54
88	28	53	64	20	51	12
32	16	66	70	32	44	52
87	6	21	79	94	13	91
67	48	49	32	93	100	16
58	90	45	15	28	90	73
49	44	90	68	56	72	78
25	80	39	51	95	22	51
90	64	79	36	60	83	84
4	17	19	47	65	4	12
71	16	87	89	71	91	76
65	16	27	24	8	56	89
31	12	37	53	7	15	70
16	84	3	68	29	81	55
91	46	89	8	4	7	13
8	95	88	78	42	81	22
58	100	22	70	5	50	11
20	60	16	99	87	13	72
71	81	22	73	23	1	74
53	94	97	52	23	53	9
16	79	5	91	58	70	39
11	69	91	78	82	32	56
15	44	19	10	18	96	63
53	31	85	89	49	14	60
25	93	13	80	8	12	82
86	12	39	7	23	91	80
85	35	79	91	78	32	69
15	71	42	58	61	66	25
93	23	83	86	87	52	4
46	53	83	88	25	61	11
27	73	30	43	1	40	8
94	95	44	3	5	85	79
4	66	16	95	60	71	21
72	88	33	65	13	54	32
76	80	4	78	15	10	89
59	33	82	95	54	82	77
55	11	61	50	5	84	22
49	53	46	77	51	14	61
19	79	65	73	40	41	91
44	67	21	59	15	56	13
68	90	84	72	74	54	47
15	46	75	27	25	2	19
27	57	71	5	37	55	78
43	21	39	73	50	83	35
15	42	71	87	8	22	59
3	86	15	77	86	92	76
90	8	11	93	51	9	6
4	19	93	67	32	94	29
62	79	8	63	32	88	97
68	66	49	2	10	90	24
38	49	87	60	23	19	79
73	15	95	99	72	86	53
89	91	58	98	4	95	61
22	93	85	31	50	90	86
43	67	54	77	71	48	65
95	98	97	79	26	76	70
98	40	99	25	42	81	54
94	92	55	18	55	6	36
30	67	58	82	82	88	65
45	7	25	28	31	10	69
57	24	55	56	24	22	8
15	14	16	68	62	24	85
69	43	63	85	67	4	63
58	28	18	72	75	43	31
92	65	5	62	84	47	25
98	72	58	36	57	33	58
25	74	78	99	40	5	36
1	91	24	59	33	60	27
65	10	77	22	20	68	65
81	46	96	13	90	60	27
80	29	68	68	4	83	54
66	61	47	76	99	41	82
34	6	28	56	2	65	28
39	77	41	33	69	74	87
54	56	51	30	73	78	21
94	99	27	6	35	65	47
98	59	99	80	64	76	57
59	67	83	14	62	4	45
5	80	62	78	32	13	6
40	28	34	37	99	71	36
88	71	40	37	66	83	80
3	36	100	94	10	24	100
9	33	36	34	56	1	30
23	43	43	12	17	61	95
39	1	20	79	15	82	34
21	19	91	15	94	55	74
84	38	83	92	78	41	62
53	86	67	85	51	81	41
98	69	51	22	99	5	73
19	28	100	60	91	44	6
10	86	5	8	92	20	54
26	1	92	86	80	62	14
77	49	24	66	53	9	34
93	1	33	56	14	51	31
83	61	21	55	90	98	10
92	67	43	95	21	52	65
77	46	26	49	27	65	20
48	53	66	31	91	29	61
32	72	52	10	69	57	23
51	65	16	12	14	35	24
7	67	34	58	64	30	82
8	58	13	72	58	99	58
96	16	41	45	3	42	13
23	59	11	55	54	72	3
20	17	63	6	11	41	67
44	62	4	34	28	51	6
68	89	85	88	15	69	70
12	62	38	56	7	94	24
46	24	70	70	35	91	14
13	97	88	41	57	8	27
11	32	82	54	26	95	2
38	48	36	65	95	95	40
37	63	100	27	27	73	53
36	6	73	7	61	100	27
73	27	95	48	83	85	9
74	49	70	44	12	98	63
94	74	41	91	77	87	98
9	8	77	70	96	90	96
32	72	39	86	90	48	1
60	45	80	39	38	22	88
38	48	24	78	42	1	20
47	11	31	7	91	25	5
89	96	89	91	10	84	58
61	79	80	65	26	11	44
48	47	11	45	48	49	16
57	2	30	63	64	9	21
57	55	27	100	72	44	4
7	53	35	26	41	42	66
51	33	98	33	37	42	14
61	99	21	3	70	61	51
48	99	76	60	17	66	11
5	74	69	64	78	22	18
84	4	82	92	75	23	63
45	66	34	2	68	92	69
70	17	82	35	52	76	62
29	34	40	88	45	54	76
23	57	49	68	18	70	73
34	94	83	41	18	8	38
35	100	8	63	78	20	12
1	26	73	60	25	22	37
72	26	29	7	82	59	42
100	22	77	83	94	9	42
18	44	32	10	38	46	82
67	51	34	45	19	16	14
18	68	85	77	2	49	93
57	68	4	95	7	61	95
51	10	77	18	75	40	88
11	26	34	85	45	89	29
63	93	25	83	73	5	17
92	93	45	43	62	39	11
12	95	99	43	74	90	93
36	52	49	69	20	36	23
34	100	68	43	69	59	24
69	77	98	46	51	77	36
76	80	62	32	15	66	4
33	29	74	4	82	28	19
54	20	56	36	66	54	21
98	47	99	28	49	95	83
94	86	11	72	5	70	45
5	43	81	11	76	60	54
12	21	29	72	3	66	100
48	3	70	83	100	68	18
23	55	35	82	13	70	33
53	67	94	34	33	12	27
50	99	42	19	86	12	1
91	26	28	30	79	22	51
1	76	32	44	22	54	3
41	1	6	74	84	31	100
57	85	80	17	19	44	61
32	86	13	63	92	31	95
80	64	77	76	33	78	24
13	49	19	66	61	47	50
11	67	11	19	51	38	85
13	59	97	79	50	69	40
51	86	83	73	81	22	96
24	58	83	25	89	91	49
62	41	25	10	11	30	28
14	4	98	77	11	55	5
59	53	65	28	98	12	49
87	94	7	36	38	100	86
84	38	68	25	81	13	67
29	48	47	46	100	30	27
34	81	100	47	8	34	44
91	58	80	10	61	42	42
92	43	80	62	96	43	10
26	8	28	74	58	19	100
44	88	92	3	81	77	23
61	72	79	64	45	80	57
100	94	18	86	46	1	11
27	29	13	52	87	57	70
51	71	69	39	39	99	26
52	57	46	62	25	13	72
84	63	27	38	1	46	5
27	76	85	5	19	47	92
6	89	79	58	20	48	45
31	23	15	53	80	80	50
92	24	31	61	52	19	94
1	47	40	77	66	38	40
99	45	49	82	87	4	79
60	60	62	56	58	26	67
85	64	84	76	12	5	52
81	88	7	50	78	60	35
17	68	82	26	30	10	2
71	89	33	4	31	98	75
36	19	63	34	58	55	55
61	77	1	10	31	21	93
33	88	52	38	67	47	4
55	89	99	69	79	36	67
10	9	78	57	41	57	33
36	53	70	31	78	85	62
56	5	37	29	96	6	93
97	3	10	89	99	6	85
36	69	26	94	19	17	45
38	88	66	72	48	100	60
8	9	32	76	40	90	34
44	42	33	42	37	50	75
38	15	1	8	27	80	57
83	60	92	61	41	47	4
100	87	80	79	26	44	8
55	3	47	77	30	56	75
9	79	7	34	66	49	58
48	71	88	54	41	2	45
79	65	88	17	15	88	52
65	60	30	84	6	53	35
3	32	83	29	81	4	16
64	61	4	30	68	34	87
87	5	42	30	54	46	49
72	46	28	30	76	32	77
63	42	48	43	19	99	99
60	70	58	70	77	55	66
19	57	20	4	1	58	62
45	79	98	13	28	87	65
46	69	64	45	1	37	70
73	18	29	56	13	41	60
75	99	67	50	35	10	17
95	90	39	61	59	66	39
43	42	84	64	18	35	3
21	34	33	6	42	5	14
60	53	95	91	2	84	31
80	8	60	89	23	97	50
79	80	22	93	97	98	73
30	65	31	5	85	53	55
2	59	32	78	98	81	95
26	11	14	92	24	5	24
56	76	87	31	75	96	1
73	46	23	51	2	2	80
15	38	12	71	1	48	67
59	4	96	76	69	12	13
25	59	82	46	54	59	20
17	94	18	50	36	50	56
77	79	68	89	83	74	59
64	75	23	49	12	77	55
62	90	75	52	10	81	28
67	21	69	82	60	99	98
89	75	39	99	2	23	9
84	84	10	58	36	58	65
7	65	46	95	63	90	73
31	95	80	17	63	92	18
51	11	37	61	76	77	72
1	24	5	52	24	1	88
33	29	25	4	9	68	17
5	52	67	91	80	73	70
31	24	45	26	8	27	12
79	44	25	13	50	9	25
76	15	16	44	45	96	26
65	88	59	19	96	28	63
49	29	42	88	72	23	44
91	65	62	99	32	39	10
7	62	67	59	2	91	36
7	89	77	69	38	76	50
53	53	28	83	69	71	48
86	7	88	92	7	29	51
21	99	83	75	41	60	47
41	18	24	81	35	75	62
94	98	48	65	32	73	80
96	3	50	61	26	5	26
93	46	23	1	8	6	29
17	67	87	9	32	26	5
16	1	32	94	76	66	49
62	80	75	94	61	84	74
70	9	12	75	43	17	43
78	10	68	88	11	86	94
47	86	35	18	19	11	78
55	78	37	99	65	61	96
42	25	56	85	55	47	33
11	14	64	30	94	30	56
36	56	18	39	97	39	84
50	55	95	53	72	31	55
73	15	64	72	3	26	40
95	69	90	88	18	17	76
66	18	86	30	89	11	97
61	96	59	51	100	59	16
42	70	98	4	45	91	79
68	2	45	44	62	63	87
16	28	20	7	90	54	87
43	85	37	66	16	100	52
29	28	72	85	20	35	64
74	33	63	39	20	81	53
84	59	80	56	61	55	20
85	8	39	66	95	2	100
62	10	10	55	26	7	61
70	59	92	44	85	89	88
82	90	11	42	90	41	63
23	78	18	88	69	70	62
29	87	47	12	60	38	38
40	51	43	58	66	77	46
79	41	2	99	1	41	30
45	14	66	10	88	78	77
31	98	27	23	44	28	57
32	11	69	13	15	34	19
70	93	65	91	45	29	97
48	18	14	9	19	72	16
96	87	89	81	90	53	50
67	24	44	1	26	38	47
33	20	66	45	69	68	74
57	57	50	96	52	70	66
39	40	41	9	41	27	91
63	25	57	61	83	16	85
6	87	83	24	48	55	71
69	71	5	5	64	86	15
97	8	63	73	77	32	40
35	44	8	37	91	61	95
3	48	42	88	97	77	9
32	30	42	19	25	14	25
12	73	20	5	31	74	70
32	80	72	83	8	58	47
93	85	63	92	83	73	100
36	60	77	32	35	45	25
69	12	76	86	86	11	31
10	69	85	9	81	79	29
87	2	87	79	29	41	86
69	36	75	17	50	87	68
72	11	88	66	92	54	90
92	28	68	82	11	70	35
50	94	26	11	80	46	72
61	57	20	23	43	84	20
3	87	31	67	67	6	58
31	10	52	55	27	62	63
81	15	35	76	53	79	61
86	28	10	16	65	43	20
38	81	16	6	46	49	78
30	13	43	43	85	67	83
32	71	29	13	96	3	78
83	78	47	90	31	60	36
5	62	15	16	74	15	47
29	2	94	23	35	41	12
96	82	15	18	31	4	22
53	11	84	57	52	58	99
86	79	90	39	31	55	45
29	21	47	58	6	83	64
86	32	58	12	19	37	19
100	98	30	92	25	21	78
12	17	44	87	22	76	37
44	72	17	96	72	16	3
52	44	64	64	95	80	4
16	21	44	10	75	97	56
9	61	68	66	71	46	68
96	99	76	6	75	10	46
59	25	99	58	87	42	5
70	55	47	99	78	37	25
3	99	55	77	25	59	43
90	75	84	81	56	3	10
89	3	1	18	5	8	81
36	57	38	47	25	48	59
74	73	93	98	28	36	36
100	85	33	8	75	14	55
69	43	60	76	63	65	14
71	88	60	46	33	90	84
12	44	63	15	68	66	94
82	60	70	47	62	45	95
86	53	14	37	34	69	49
25	7	99	43	30	27	88
52	80	28	56	90	93	6
68	50	60	30	100	23	57
60	56	86	8	43	85	36
35	35	58	54	52	58	92
11	6	30	66	48	86	6
74	2	66	25	59	61	49
32	19	32	50	82	52	10
85	70	30	72	98	95	47
100	63	54	68	74	83	79
100	52	7	54	58	49	94
3	29	72	90	87	76	20
33	4	34	51	21	15	84
55	15	80	16	50	74	97
54	44	6	36	74	70	95
77	30	47	10	8	76	73
61	44	74	11	85	35	71
82	20	39	44	85	57	72
54	30	67	94	92	86	69
99	66	26	85	91	75	58
8	64	87	7	46	60	52
32	39	72	75	15	13	71
72	39	29	28	57	1	34
60	21	74	43	9	93	79
61	65	56	30	83	19	85
33	60	51	18	24	35	75
95	43	85	80	93	82	21
26	23	63	35	87	19	27
23	50	35	87	53	23	23
44	57	54	86	29	43	16
39	2	84	88	74	12	13
2	74	18	99	55	27	2
59	86	69	98	92	84	60
74	4	68	56	19	68	49
45	76	47	100	84	44	42
50	91	95	44	51	7	12
9	68	5	73	86	14	21
5	26	5	2	37	91	68
19	94	72	18	67	26	62
12	43	27	77	14	39	74
33	11	88	39	19	59	85
70	82	77	82	84	24	15
44	45	1	28	18	100	94
48	71	65	80	52	15	53
81	50	72	76	24	94	66
26	47	5	31	16	56	20
26	4	50	31	78	84	97
2	94	61	8	23	80	34
40	89	27	21	51	84	97
37	93	13	53	100	17	80
61	77	23	81	28	46	57
81	91	24	89	43	33	78
72	97	81	48	67	60	83
10	25	67	74	6	4	81
34	99	100	19	85	31	20
36	60	42	98	37	33	91
52	62	78	74	3	11	48
24	95	92	28	26	28	43
65	65	68	11	12	40	44
69	63	98	67	90	93	46
86	72	98	81	89	5	65
46	53	61	3	48	17	46
33	3	7	3	93	78	18
46	36	86	88	92	54	93
24	78	32	23	41	69	12
63	59	2	94	98	57	22
82	31	20	41	94	90	40
69	79	90	99	94	48	97
51	13	70	70	49	100	19
24	63	49	86	49	62	55
66	89	83	97	2	58	20
53	81	34	72	1	27	16
2	43	51	72	96	22	81
17	62	88	17	48	1	49
90	77	8	87	16	44	72
65	61	53	50	67	31	17
41	25	40	69	18	79	95
47	29	27	40	56	4	58
69	1	78	71	15	2	56
11	96	47	66	86	46	29
26	25	72	79	73	92	75
37	7	6	60	83	33	54
38	53	40	57	47	85	61
27	99	46	25	20	88	81
57	21	51	10	21	23	17
38	61	23	64	98	86	100
95	99	51	85	53	69	90
6	3	69	13	5	12	99
61	72	12	79	10	16	73
20	13	9	78	32	16	37
1	64	6	2	97	8	29
97	38	25	48	56	9	19
43	70	13	6	8	27	100
49	91	99	8	43	44	21
2	78	70	5	51	100	84
29	11	72	87	70	36	10
81	77	12	77	30	100	71
91	97	95	75	57	98	26
1	85	47	53	32	45	61
27	81	8	6	9	90	45
99	39	70	40	96	32	49
46	10	25	23	68	71	56
94	63	90	4	28	68	67
26	55	21	92	84	91	70
83	76	25	83	79	17	74
80	43	99	43	33	46	78
46	4	32	58	85	74	7
85	47	28	17	90	5	78
16	76	57	95	91	50	38
98	98	55	87	44	16	53
99	94	15	85	82	40	48
48	17	46	68	95	85	7
28	63	77	90	72	37	57
95	81	51	26	79	100	19
87	74	19	84	18	4	46
28	34	37	38	75	58	11
68	95	37	14	9	39	55
20	13	11	4	90	95	22
93	20	54	93	44	42	96
48	61	23	18	27	39	31
37	65	95	63	91	4	34
92	35	25	14	43	74	28
18	64	30	89	6	49	2
70	22	43	68	80	61	67
52	15	69	79	40	94	47
92	27	39	94	70	82	49
66	92	26	68	59	23	36
3	41	21	67	47	6	66
7	44	82	90	93	56	85
12	77	99	54	35	93	89
19	94	82	30	65	30	97
48	8	24	80	31	10	10
71	67	100	30	25	90	37
71	62	26	61	46	51	75
55	24	78	17	95	17	75
2	69	58	68	54	56	64
76	42	52	68	41	20	56
37	18	27	37	64	69	41
79	93	100	20	77	1	64
86	98	68	68	57	78	89
29	70	77	19	30	15	99
97	64	91	71	25	58	82
41	31	47	76	26	27	29
93	39	14	73	57	90	20
75	65	81	68	100	8	7
22	8	14	65	36	91	8
95	5	62	34	59	68	21
7	13	13	36	31	80	80
31	99	5	52	28	38	87
50	63	33	12	69	68	48
45	90	66	40	71	32	19
35	51	35	59	23	31	47
69	44	16	9	80	3	85
49	7	66	80	8	14	81
2	12	51	10	84	33	90
75	75	100	74	9	77	63
39	8	3	30	94	99	71
58	35	3	44	70	49	40
90	70	83	20	83	9	2
7	56	57	14	96	83	63
89	17	44	24	95	86	38
1	28	10	25	43	2	38
57	88	48	55	74	44	37
39	84	24	48	85	65	77
63	35	99	57	66	45	79
95	33	33	65	52	77	85
42	8	70	44	13	64	69
5	83	27	40	25	39	63
38	33	27	49	26	14	29
16	27	42	82	51	15	63
77	3	3	8	85	4	5
77	79	84	50	1	6	45
51	64	8	21	53	11	87
59	90	78	3	23	93	23
39	68	99	70	68	17	57
26	9	48	92	32	91	89
5	88	81	16	86	85	30
17	13	59	56	24	42	72
33	4	83	79	57	81	68
34	95	5	46	16	79	76
71	93	85	84	29	36	32
6	16	39	82	16	76	75
68	11	18	98	25	95	61
11	87	21	22	51	14	57
51	91	44	89	40	16	38
70	17	16	34	14	83	59
31	83	56	54	8	96	46
33	89	24	91	32	50	91
99	95	4	45	82	18	32
90	23	34	14	5	95	30
24	26	84	100	52	27	70
50	97	75	12	90	29	91
68	28	17	34	34	37	21
7	89	13	88	82	39	87
51	77	55	14	66	41	96
63	8	14	83	79	51	1
48	32	85	5	77	76	44
40	33	6	28	80	61	6
88	73	94	96	20	64	15
43	58	20	3	7	77	50
85	41	75	15	72	47	19
40	92	12	13	15	2	15
52	95	68	62	7	63	34
91	30	15	95	92	50	22
41	36	84	87	81	34	73
80	69	63	61	61	37	62
33	42	56	96	80	84	87
99	63	88	17	83	16	74
30	76	32	10	89	78	38
46	20	16	14	42	11	78
68	87	60	46	16	84	39
65	52	47	14	72	83	52
47	30	96	62	29	100	20
60	2	33	47	35	53	9
80	97	71	94	69	54	47
48	71	35	16	95	45	40
9	69	31	84	63	75	57
71	26	82	23	76	87	65
44	63	52	98	8	46	8
79	34	63	3	27	28	13
24	84	78	21	41	81	52
89	51	80	2	93	98	53
100	83	88	19	40	67	41
89	21	57	89	21	93	45
41	57	62	66	43	88	35
7	11	65	92	73	21	64
14	57	39	32	11	64	100
98	51	14	44	9	40	93
36	9	52	49	63	78	40
89	37	48	88	94	42	36
61	3	38	30	30	33	93
61	27	80	69	64	47	99
50	79	47	41	63	66	21
1	21	7	50	58	93	6
64	20	63	8	14	35	37
20	35	52	84	40	85	46
3	66	57	77	4	21	97
63	33	19	29	36	60	12
5	37	26	35	29	47	57
35	54	4	44	7	40	79
42	31	41	24	38	34	35
85	30	19	83	85	29	62
4	97	64	97	46	79	94
83	67	54	51	96	87	34
34	66	4	16	31	7	2
49	89	89	2	89	79	82
64	42	30	9	97	31	96
61	20	76	85	75	11	90
52	91	48	91	67	49	81
15	89	8	15	94	45	100
52	78	66	14	48	97	72
9	70	64	43	63	79	41
30	15	76	23	52	19	76
76	100	78	94	87	73	85
49	75	64	39	84	43	51
33	16	27	74	8	48	37
65	63	94	75	29	59	82
2	89	3	60	42	73	8
15	90	47	10	79	79	85
89	51	24	9	53	18	90
61	32	61	23	90	58	18
86	39	33	92	74	30	80
88	27	51	73	42	2	12
63	21	78	72	81	20	42
1	28	66	62	32	61	21
99	45	19	60	13	81	35
87	65	56	10	7	14	17
99	75	48	36	26	96	20
99	93	99	66	46	78	15
24	47	63	31	56	9	54
39	63	97	28	6	55	68
44	11	92	21	7	95	67
90	74	43	78	67	92	52
38	48	29	45	75	100	13
70	27	22	37	84	61	18
65	64	75	59	8	59	42
58	12	71	56	69	58	51
77	59	39	91	52	2	63
42	92	81	14	64	71	97
73	19	50	69	10	69	4
51	73	98	26	37	91	73
3	7	15	40	78	78	3
9	57	30	2	65	28	94
57	73	33	53	34	57	19
63	91	49	88	18	87	17
94	90	35	8	56	44	47
21	2	13	96	22	40	33
23	53	72	39	62	85	81
23	100	76	67	2	19	48
85	79	67	77	31	88	96
98	25	64	57	69	24	23
52	54	43	63	71	7	87
21	97	96	88	96	34	56
17	7	77	23	10	41	20
67	17	1	17	82	88	4
79	58	43	24	25	72	6
68	69	93	53	3	22	40
48	4	29	29	88	14	32
74	15	37	80	45	43	28
9	77	22	44	31	67	24
100	39	88	90	47	21	16
67	30	33	22	38	97	39
13	77	42	50	75	67	6
94	82	83	95	87	61	40
62	51	46	32	41	43	71
67	56	73	96	33	28	97
19	22	13	18	97	77	40
44	16	31	18	47	14	1
33	2	60	3	97	51	15
26	78	14	54	71	55	94
44	26	88	56	100	76	4
4	53	35	13	74	24	27
100	90	29	38	92	67	41
66	76	67	18	43	34	67
31	33	31	39	22	99	71
48	2	45	28	56	79	37
70	90	29	36	14	88	34
24	27	81	36	67	45	41
36	75	74	78	93	2	72
59	70	33	94	67	2	33
35	11	80	2	5	13	61
33	61	46	93	21	38	74
53	86	9	51	1	34	13
40	85	82	98	37	30	79
57	54	72	85	51	57	45
43	19	27	23	86	89	7
45	29	51	63	47	17	23
33	35	43	61	84	68	58
13	85	76	9	33	48	71
73	92	90	74	44	12	20
82	5	7	43	23	8	67
18	40	2	57	45	73	99
2	79	31	54	88	74	81
12	54	62	44	90	81	38
27	23	68	50	100	30	9
48	84	59	76	67	66	46
62	39	65	98	68	41	9
65	73	34	15	3	8	76
7	1	40	26	34	46	22
31	52	36	60	74	69	29
25	27	67	1	37	93	61
85	91	49	88	76	62	41
37	79	27	69	17	70	92
49	89	28	37	16	48	67
79	88	49	84	7	50	41
92	51	9	17	60	24	73
12	6	86	15	27	61	78
36	65	94	75	90	11	63
4	16	18	98	94	72	58
89	29	12	56	6	90	65
56	25	21	21	44	37	100
38	67	53	10	28	74	86
21	100	62	98	55	43	89
95	24	21	9	78	34	85
15	98	83	57	22	28	37
25	90	85	41	45	79	28
69	19	86	54	18	73	7
14	17	34	72	47	32	91
72	15	70	3	51	44	67
5	94	27	14	13	42	3
28	8	91	72	52	81	27
41	69	79	97	14	44	47
88	37	79	91	83	99	23
76	45	85	33	41	90	95
81	34	44	93	56	47	70
28	97	15	44	90	44	61
4	17	56	3	23	100	23
97	9	21	24	43	14	57
37	58	15	71	47	86	40
97	14	53	31	9	15	77
42	61	26	8	19	42	7
83	79	8	97	82	35	66
29	38	5	39	65	89	82
66	7	84	1	61	73	23
99	91	8	45	44	14	58
38	3	31	2	4	44	61
90	24	20	90	58	30	86
83	30	80	75	96	72	83
95	18	39	77	15	40	86
30	90	70	52	84	44	74
36	3	59	93	100	10	34
86	75	15	85	15	80	27
36	13	46	28	21	93	99
8	27	28	46	30	88	87
46	77	5	95	10	76	73
86	92	71	31	42	10	44
23	38	50	20	80	28	64
26	63	30	51	92	37	51
69	4	93	27	33	60	95
57	39	54	53	72	95	89
19	20	62	88	10	97	52
16	76	78	68	31	24	49
65	40	54	32	12	67	83
49	5	53	40	64	98	70
10	24	78	40	31	86	54
42	65	32	40	46	59	93
100	81	11	19	79	92	12
8	18	43	9	47	46	48
100	70	77	75	84	17	72
36	39	59	66	35	47	30
2	2	32	10	26	31	38
79	32	45	93	84	24	54
68	84	9	81	43	71	81
72	75	57	86	5	20	20
100	72	94	14	4	46	11
32	64	2	77	13	24	99
25	3	96	90	81	87	80
75	30	67	43	1	33	26
38	2	65	83	2	70	13
95	5	96	9	45	16	100
66	62	86	84	41	53	29
41	87	39	8	51	71	88
61	71	35	57	53	46	100
15	29	48	66	77	56	42
52	4	92	33	63	75	14
9	66	3	90	85	22	32
55	25	91	87	95	27	90
22	92	85	29	95	36	29
1	67	64	93	62	28	29
78	52	15	73	4	6	8
7	48	41	91	93	22	40
6	67	57	3	8	28	80
88	78	13	4	31	14	79
18	92	65	7	87	33	99
52	75	91	73	1	96	65
65	40	71	99	38	99	33
82	60	35	57	59	77	46
9	68	33	48	68	72	95
33	28	63	92	56	13	95
45	65	84	37	68	34	73
97	40	98	4	46	61	13
54	2	15	44	9	83	37
81	89	25	99	9	48	35
100	21	84	85	18	71	15
61	47	12	49	54	69	87
25	29	53	54	75	81	10
9	63	14	52	6	46	11
53	81	95	60	12	12	29
59	66	63	92	43	61	55
50	89	68	2	57	59	69
80	13	98	42	35	29	57
1	85	67	67	87	98	87
98	81	93	56	93	52	99
42	72	91	10	86	61	79
19	30	86	28	58	35	86
79	63	19	74	49	12	32
77	17	19	82	73	97	88
3	47	96	20	25	16	100
54	37	61	83	18	38	56
80	25	83	90	4	12	14
92	54	77	58	37	31	25
24	93	27	58	93	62	11
28	87	72	1	95	48	19
75	69	62	28	83	22	2
94	47	74	39	61	64	12
26	57	10	60	91	96	61
59	5	6	99	87	46	75
52	54	36	67	53	14	67
49	43	63	10	40	100	86
85	67	24	85	40	81	1
42	93	52	44	52	30	70
100	79	76	3	50	45	99
60	79	14	68	50	77	51
5	21	35	6	20	77	45
35	25	54	45	63	22	68
78	96	30	2	22	84	91
19	44	51	78	70	39	90
50	65	56	33	83	68	70
14	81	94	44	59	39	58
35	64	65	67	42	13	29
75	80	44	50	54	94	49
7	26	51	91	41	40	66
48	27	22	50	29	50	42
57	59	13	61	3	11	42
44	8	76	16	90	94	71
39	4	95	58	80	64	26
7	7	93	48	81	39	71
96	48	35	86	19	78	84
13	23	92	31	82	100	56
46	55	84	85	21	26	4
47	28	97	98	56	14	19
53	60	24	87	37	76	17
44	9	98	6	12	13	19
27	7	22	98	27	38	97
100	66	96	61	47	65	67
87	68	42	7	36	35	9
88	96	82	20	63	45	19
91	12	26	14	63	20	35
47	49	49	65	6	68	63
61	2	80	12	68	46	31
63	65	50	4	50	26	89
79	78	4	64	87	84	30
79	47	9	20	27	93	18
79	78	28	58	86	28	47
49	55	71	94	78	66	61
69	61	6	23	2	33	64
34	60	67	65	78	24	63
13	51	54	29	8	85	93
53	20	20	48	47	37	39
52	31	66	4	92	85	41
41	52	41	45	50	61	53
43	22	36	75	22	65	78
19	84	48	22	90	35	12
44	6	9	37	18	93	77
74	91	46	14	42	80	25
21	71	53	16	94	88	11
82	64	61	78	18	62	37
35	42	94	87	50	33	1
96	37	97	1	10	2	27
37	86	53	4	64	27	31
75	16	92	84	60	56	42
58	75	81	28	55	43	43
44	71	67	29	8	35	2
12	39	71	43	66	51	9
89	64	7	29	70	76	13
60	30	57	90	22	9	92
49	18	99	70	97	42	9
53	50	76	88	16	57	99
16	23	44	54	28	42	36
52	93	60	26	33	4	74
31	46	21	83	95	70	11
49	58	86	22	3	76	56
31	70	83	76	87	88	95
38	83	94	14	62	42	44
61	36	47	83	48	27	75
89	68	97	21	87	87	18
44	87	67	83	53	76	5
55	28	32	93	85	44	73
63	28	68	37	57	30	27
71	43	66	4	15	57	54
41	98	7	15	12	54	69
26	9	95	99	33	20	63
58	25	80	61	28	63	16
51	31	76	5	15	78	26
68	68	53	4	12	26	78
53	96	21	70	51	27	88
37	17	20	4	1	10	11
100	28	41	19	17	31	39
62	54	71	73	36	17	63
28	35	61	18	30	88	36
23	13	33	36	98	95	100
21	27	4	80	64	100	79
48	92	75	3	65	15	26
68	25	100	37	3	89	86
19	20	88	92	73	67	83
92	22	99	73	75	16	68
88	13	26	51	27	31	28
92	60	8	12	34	84	89
91	43	53	66	24	53	42
70	50	15	96	51	42	100
87	50	40	59	52	60	93
93	17	80	67	7	90	70
90	52	66	80	97	18	68
10	76	28	60	31	91	65
86	59	24	6	35	3	30
94	32	39	38	82	58	59
60	43	89	9	61	67	55
63	62	61	18	10	77	10
90	63	42	23	19	43	20
81	40	6	6	89	7	93
25	97	77	35	97	50	7
76	35	4	35	57	30	56
43	54	89	23	58	90	21
75	99	17	46	82	22	96
15	43	100	77	65	10	6
84	51	44	47	41	55	48
54	66	20	30	76	97	76
51	67	46	20	55	16	52
65	10	64	56	29	18	10
27	29	78	75	57	42	52
38	50	66	16	86	75	59
10	87	91	19	80	15	100
32	26	76	90	15	17	33
89	23	85	20	73	50	58
26	37	7	1	49	61	21
14	7	46	50	40	60	96
78	38	92	47	87	55	18
100	82	99	69	92	92	79
3	56	13	30	31	21	6
18	75	25	9	56	90	16
83	36	74	50	11	28	25
23	17	5	52	86	88	81
9	85	35	90	72	81	18
24	18	43	98	62	43	53
24	43	42	65	53	37	56
19	16	20	19	60	93	49
50	81	8	29	7	40	12
4	11	48	69	87	53	3
59	89	20	6	60	81	50
41	21	73	99	40	57	81
58	70	94	77	72	69	81
74	15	75	52	94	99	4
79	69	17	56	74	11	79
97	25	16	62	38	98	42
96	33	18	32	18	14	49
38	86	44	77	69	6	75
57	59	85	30	60	46	56
6	67	78	77	87	71	56
34	2	13	78	45	72	82
41	85	97	67	65	57	35
15	3	71	40	56	95	33
84	10	81	74	28	25	77
65	43	48	98	25	23	9
72	58	60	74	44	85	59
44	31	43	68	8	72	91
43	66	7	96	14	45	33
93	44	48	80	47	100	51
84	22	23	12	70	3	32
95	14	12	36	26	94	77
16	47	35	77	33	47	33
70	77	96	67	34	39	28
82	12	48	26	20	6	41
48	60	33	20	37	60	82
8	26	53	46	47	9	42
36	79	30	75	86	32	69
52	38	27	54	27	69	56
37	63	71	77	29	8	94
54	97	38	9	25	7	40
72	28	2	5	13	38	29
55	46	53	69	13	56	73
100	49	74	5	57	48	28
91	87	8	27	65	10	19
14	98	79	98	54	34	30
59	21	88	8	69	71	51
18	36	95	37	13	59	12
54	85	12	69	35	87	83
91	69	84	50	37	12	60
61	83	44	20	43	65	36
79	21	14	84	87	9	39
67	63	47	9	97	95	69
73	81	54	57	5	54	23
66	7	5	66	45	3	28
12	49	83	100	62	2	96
2	42	97	62	34	100	57
73	42	67	2	16	53	97
31	18	57	68	40	84	65
23	100	85	37	90	82	74
82	90	9	73	90	47	63
92	37	75	70	32	72	43
75	33	24	30	78	11	64
4	11	40	32	44	61	68
33	96	48	28	59	23	62
32	10	7	75	68	38	39
23	74	92	32	14	10	55
44	56	96	74	41	95	84
63	4	48	33	100	91	85
90	41	57	23	26	43	43
55	51	44	78	49	72	27
20	4	84	38	72	24	55
41	31	57	21	76	91	8
52	51	50	36	78	52	41
10	73	4	28	24	37	36
58	36	14	5	37	38	92
98	48	9	98	65	47	30
6	47	59	41	47	4	78
39	16	14	36	56	80	34
35	5	74	57	20	2	64
28	64	25	62	28	40	18
96	12	77	33	69	5	66
81	85	35	46	89	61	19
84	59	96	40	26	95	5
51	23	52	40	28	4	74
89	82	69	53	16	77	20
51	74	100	81	70	23	34
43	94	1	39	24	77	46
38	12	92	29	32	80	87
52	37	26	55	40	72	48
50	56	71	3	69	18	42
36	38	81	97	41	89	85
85	74	22	69	46	20	82
62	68	18	98	68	80	2
94	4	77	61	16	14	42
76	5	22	53	56	68	100
31	34	11	8	14	86	20
100	4	12	57	47	100	43
94	38	18	70	28	27	16
62	18	14	25	14	29	10
76	19	72	31	49	99	16
7	3	43	72	22	8	82
8	21	75	73	36	62	93
6	28	49	63	13	20	13
63	50	5	29	98	45	82
16	42	40	96	6	94	79
98	29	83	27	23	66	43
23	33	90	33	18	35	55
43	61	43	88	25	48	36
64	36	35	42	3	22	74
46	66	65	46	29	1	55
46	93	19	93	78	37	25
32	23	38	22	46	90	59
75	84	72	24	59	14	97
8	49	67	40	93	9	75
94	49	1	17	7	8	41
1	68	70	82	99	45	38
24	71	90	9	41	52	11
90	31	14	26	53	7	44
83	47	97	16	44	98	23
5	10	89	8	37	16	10
96	71	46	25	47	13	90
35	96	31	99	77	27	26
57	89	6	17	64	46	62
91	51	4	31	15	100	6
24	55	49	27	62	31	19
57	27	10	14	12	24	55
41	35	29	87	95	94	67
12	75	2	14	65	14	85
49	49	30	14	81	99	25
32	93	15	73	14	94	31
12	18	45	3	95	99	91
99	12	62	91	19	19	91
25	5	93	43	26	1	33
62	83	39	53	11	98	85
96	69	96	55	97	70	46
2	47	35	52	3	62	27
43	64	62	31	52	5	93
63	6	7	10	50	95	98
99	90	57	95	27	31	35
31	71	4	69	37	23	26
48	73	17	48	5	81	11
23	83	76	96	56	27	29
99	68	87	74	47	47	91
86	34	87	87	42	64	100
44	72	26	76	78	33	45
8	29	43	20	2	44	54
13	93	47	20	18	57	86
1	97	59	57	24	67	93
17	90	90	74	88	27	27
1	73	25	70	25	45	48
89	25	87	10	34	82	52
55	18	17	64	45	39	65
47	52	84	3	38	28	35
5	56	51	62	19	43	5
62	37	24	16	52	53	88
28	42	76	11	2	92	7
99	20	8	24	5	38	97
58	38	99	44	65	82	75
44	91	36	53	52	86	15
16	32	1	43	92	57	8
69	77	33	62	80	51	17
26	89	99	97	30	85	86
54	51	39	47	11	29	32
70	32	85	80	87	16	54
33	27	45	72	99	80	96
71	40	17	68	68	25	80
27	70	55	84	17	37	56
45	33	67	43	57	65	68
5	39	34	45	68	48	27
11	59	15	19	84	92	55
81	14	10	12	54	91	19
27	44	76	88	83	17	44
97	36	83	53	53	33	15
56	78	85	68	7	69	46
82	22	3	21	44	48	99
93	85	20	82	91	59	76
97	29	43	31	95	13	4
99	53	3	92	13	84	41
62	21	20	15	11	28	9
58	41	4	75	72	50	57
42	57	100	30	3	4	11
26	44	28	41	69	61	87
72	93	50	63	29	78	59
3	47	97	95	57	3	10
67	78	21	51	86	92	59
70	38	5	60	30	79	37
1	68	6	11	1	25	79
22	77	41	74	21	67	44
81	4	4	90	56	7	61
66	66	14	18	71	70	81
89	59	24	84	36	64	21
9	90	78	44	92	86	73
30	35	73	28	2	18	67
73	54	51	24	100	73	8
20	45	37	97	61	47	55
27	99	91	63	93	28	3
85	22	55	56	47	77	43
67	37	44	61	61	91	52
34	42	72	51	50	66	28
10	21	92	52	58	21	28
28	49	82	13	6	15	31
1	42	18	56	79	33	4
87	49	14	22	65	26	23
60	68	19	74	50	74	75
37	15	48	19	3	41	45
100	92	58	86	72	57	43
51	66	78	69	20	98	66
91	80	49	16	8	34	33
30	77	32	76	75	32	24
8	26	28	28	13	93	28
8	40	67	10	8	61	39
24	65	60	96	69	90	97
7	12	26	11	56	71	24
65	81	89	73	70	88	57
58	10	57	35	11	32	1
97	26	46	60	50	66	35
26	70	18	49	86	25	32
12	19	52	28	48	59	57
36	10	16	64	31	87	37
58	39	99	84	35	58	37
21	55	45	43	34	56	22
52	76	67	60	49	70	64
100	11	55	14	78	36	90
6	65	6	95	66	29	79
5	86	58	91	16	39	8
69	54	26	48	11	19	6
40	14	94	31	55	49	10
95	98	11	12	53	3	23
89	65	23	58	46	15	50
24	63	94	13	47	76	49
91	33	29	31	33	41	80
25	44	68	78	70	59	79
58	24	71	9	61	85	89
6	45	49	97	40	42	41
27	94	7	40	81	20	10
30	70	22	34	78	94	95
18	51	4	21	24	93	72
35	27	74	61	99	57	92
23	58	44	61	82	55	31
44	49	28	81	85	59	78
79	77	51	18	62	62	13
45	40	77	21	54	2	47
69	16	94	99	16	33	85
27	19	100	43	3	68	37
88	26	26	71	30	34	94
94	53	30	7	34	87	87
40	71	98	13	43	38	89
27	14	85	33	52	9	95
63	61	82	22	25	29	24
68	1	15	69	38	90	52
32	11	48	46	86	67	50
18	6	91	22	64	93	54
57	51	100	68	40	80	19
93	6	37	56	7	55	69
5	63	50	2	12	26	3
39	53	91	67	34	61	43
90	96	79	4	83	28	96
4	74	71	23	7	78	62
34	29	82	69	69	13	80
45	38	93	25	40	47	91
61	91	16	38	21	62	33
73	38	55	19	69	27	72
40	93	97	35	56	73	66
83	9	50	80	75	46	35
21	92	52	67	21	36	31
13	35	1	47	39	79	66
15	21	89	31	23	11	89
84	85	40	7	67	84	76
61	79	62	70	34	18	54
73	78	37	53	12	52	73
11	54	15	25	94	15	52
44	61	49	47	20	24	45
17	8	69	12	29	80	5
36	83	14	32	100	3	74
5	32	81	75	56	51	64
70	35	57	65	97	43	5
97	80	68	47	50	73	93
95	53	41	80	65	36	78
3	34	49	41	57	46	56
43	93	77	90	32	45	78
43	64	84	38	37	13	83
13	32	19	10	64	21	4
41	65	92	71	14	91	20
97	15	8	88	84	4	57
78	22	17	18	25	12	96
20	42	75	44	74	13	66
89	89	64	94	25	73	8
95	5	52	11	85	22	49
61	32	62	19	84	75	45
87	63	48	9	89	57	32
80	73	33	18	85	68	98
43	9	36	74	97	35	30
9	10	6	42	90	23	15
34	24	12	75	71	100	89
76	43	96	19	20	11	75
49	68	22	86	74	8	100
36	42	99	60	92	70	37
99	90	77	67	100	46	66
48	29	39	30	13	65	37
13	84	90	61	49	31	39
75	19	61	84	80	29	82
40	40	76	3	50	96	96
93	2	88	14	26	49	57
13	42	13	22	92	22	94
82	37	83	52	87	63	27
53	2	25	91	51	78	64
52	66	22	13	100	59	25
80	64	69	28	6	14	22
27	97	96	99	20	59	31
31	79	75	29	77	2	46
54	59	29	21	91	70	23
40	4	73	70	39	49	2
6	82	40	46	40	40	59
10	65	40	10	24	30	44
68	64	97	85	42	64	15
82	8	51	20	73	8	35
75	14	23	1	92	6	91
50	2	50	60	5	74	86
45	92	94	87	55	58	1
15	23	41	90	69	50	97
95	62	63	21	68	4	51
57	15	10	60	30	13	78
70	27	33	91	47	14	31
86	100	36	37	96	1	21
99	68	52	28	100	5	8
70	59	78	99	5	34	40
55	44	14	30	15	89	16
88	67	57	10	67	61	79
16	95	47	63	85	70	44
49	40	21	41	8	19	10
58	14	35	2	38	86	38
88	47	92	66	49	87	33
9	18	17	7	29	29	96
77	6	85	54	92	48	42
17	49	73	8	18	60	62
19	66	94	70	84	99	49
47	32	62	69	3	61	84
86	1	58	69	3	27	14
71	13	79	57	38	36	52
62	46	93	5	16	89	28
67	36	50	72	21	40	3
75	32	47	49	68	17	40
10	84	55	45	16	58	60
22	28	90	17	97	62	96
54	31	60	42	27	40	10
20	82	13	39	87	26	74
75	71	11	33	67	48	4
78	33	36	70	36	75	35
12	68	29	83	95	75	61
60	22	8	71	54	12	63
7	74	39	60	42	59	20
18	33	12	24	37	67	20
38	64	51	38	15	35	72
7	99	83	89	40	1	9
62	7	5	2	92	71	78
35	50	32	71	51	21	79
49	85	78	21	32	98	77
2	93	35	89	59	16	57
35	5	94	57	1	54	84
72	81	97	92	22	22	52
74	22	97	87	95	72	85
63	43	84	77	76	48	41
51	7	16	65	49	83	38
87	29	69	8	80	86	44
86	78	28	14	1	41	73
92	4	55	11	38	87	94
2	72	66	47	6	80	10
32	53	4	46	16	78	14
52	71	19	13	69	94	12
14	63	14	72	2	72	76
3	91	82	30	72	28	47
56	97	6	4	60	24	68
45	41	26	87	26	80	9
87	85	49	11	53	55	1
15	94	93	4	68	82	11
13	95	84	84	13	95	38
20	56	63	27	28	81	21
47	43	47	1	93	33	92
84	92	14	37	39	53	93
54	48	41	75	76	93	31
14	46	90	19	91	37	95
94	48	5	39	68	46	73
43	81	59	16	78	5	40
48	43	98	15	90	30	35
70	36	68	9	61	57	34
59	52	1	9	48	23	46
48	43	27	50	86	73	95
53	52	77	40	94	48	43
71	25	82	11	14	94	96
51	2	69	45	74	8	16
2	46	53	64	45	70	96
73	23	4	1	86	54	55
18	25	85	73	98	8	67
50	37	49	59	8	5	20
20	15	17	60	93	26	51
58	66	70	67	96	45	35
67	19	100	97	43	92	14
9	29	100	30	37	34	51
79	20	20	14	95	8	85
61	18	66	34	87	41	8
63	42	34	66	36	49	58
40	87	85	2	19	52	22
80	48	30	98	84	42	8
62	54	82	41	16	67	81
14	10	69	30	99	34	55
62	85	33	41	84	8	18
14	71	10	54	22	53	28
3	39	84	60	80	45	31
26	84	55	69	90	41	95
19	40	22	72	23	79	21
37	37	97	78	98	85	26
58	98	33	16	91	66	68
48	21	93	48	89	4	24
26	14	82	72	31	5	91
17	1	27	9	50	88	72
19	36	48	43	30	35	44
57	20	44	28	80	3	41
9	72	13	90	20	13	91
95	88	22	77	5	87	86
3	29	8	61	22	61	86
22	13	92	97	58	20	58
12	78	33	4	33	66	21
79	32	90	34	23	71	6
97	83	43	94	71	10	57
91	23	29	84	30	51	11
76	69	37	87	98	16	28
19	55	69	69	28	43	12
55	40	50	53	75	34	100
53	46	46	75	81	17	46
93	7	92	30	13	4	81
54	44	87	32	16	24	89
12	61	94	7	36	63	3
97	48	83	11	69	83	69
65	34	96	15	56	84	90
51	27	56	20	49	96	5
49	68	65	20	74	59	11
13	53	63	87	74	7	80
80	10	98	34	75	6	51
100	7	99	48	36	83	22
50	55	15	31	85	84	13
14	57	9	79	27	14	5
62	21	44	16	60	60	96
63	78	16	15	10	61	48
68	52	97	88	62	18	1
26	58	100	60	59	49	42
28	16	75	8	83	73	83
76	12	18	62	42	65	25
18	94	6	50	82	29	37
25	94	70	87	17	2	51
97	19	9	14	41	42	69
19	66	98	6	6	49	3
42	57	76	41	40	52	41
76	89	81	42	53	43	53
64	49	71	100	93	30	31
48	38	21	90	82	29	72
92	43	82	48	84	44	70
31	80	54	30	68	74	34
89	76	56	59	1	89	55
47	91	67	44	37	39	5
76	22	34	39	49	4	78
37	80	1	59	88	40	69
18	37	95	90	71	39	99
57	99	70	64	32	45	30
92	10	73	46	31	97	54
17	17	88	55	10	4	31
45	9	34	51	61	62	40
58	3	81	56	96	31	74
35	39	51	7	92	7	26
65	29	48	47	25	82	78
81	99	47	15	8	71	61
10	75	100	31	45	60	15
51	57	93	1	6	82	59
3	93	20	26	52	12	5
73	36	65	88	65	7	55
96	57	53	83	89	17	46
5	14	29	80	30	9	7
33	38	88	23	12	62	36
39	11	100	18	64	72	43
47	25	76	61	93	98	3
99	32	68	3	20	87	15
38	82	32	26	53	79	38
34	46	10	92	60	6	56
32	39	1	5	94	76	88
49	43	47	12	67	44	5
81	56	90	50	4	21	81
99	94	59	17	96	62	59
27	69	40	94	51	14	15
88	85	43	70	35	9	90
57	12	41	49	51	20	95
55	81	94	90	78	74	35
59	100	52	15	54	69	42
4	85	41	23	30	16	30
79	6	40	2	85	65	50
41	54	15	88	94	70	92
79	88	22	51	41	98	61
89	55	41	59	51	50	2
61	82	74	17	15	22	65
99	67	54	50	26	61	52
95	21	15	25	73	65	27
38	81	40	92	85	2	38
82	26	73	90	69	74	39
85	95	16	65	81	41	71
48	76	51	84	40	73	72
17	94	100	54	15	68	85
78	39	8	40	15	45	4
74	95	15	41	52	84	97
38	83	47	48	92	10	62
97	23	12	45	70	91	79
70	28	98	90	68	55	87
44	56	84	77	91	12	13
17	95	98	56	41	13	56
60	57	48	87	21	23	64
67	13	80	42	46	95	57
23	45	74	31	54	48	85
96	66	79	85	32	74	9
53	34	49	47	25	8	74
93	10	20	51	45	77	1
30	46	38	94	68	55	44
54	5	71	92	11	47	93
71	36	70	48	80	2	46
64	65	83	47	61	25	38
51	63	33	54	91	25	71
6	100	86	53	60	38	70
41	38	25	72	50	36	8
56	31	5	43	7	12	37
42	48	43	53	9	53	98
23	93	35	95	95	11	9
81	47	17	28	54	20	66
60	38	59	93	95	93	68
9	45	44	87	16	44	2
54	12	31	63	10	14	72
58	56	32	75	80	62	76
23	54	59	25	58	81	51
39	56	76	61	38	64	10
31	32	96	59	1	92	13
2	99	35	13	76	87	17
62	79	68	68	51	63	91
57	40	95	34	17	50	62
51	95	96	24	39	98	47
50	75	12	45	60	79	30
58	71	41	76	25	20	76
4	51	67	8	79	16	63
42	97	29	28	48	96	39
88	56	68	80	17	83	78
100	5	77	1	91	30	6
56	6	83	57	5	25	99
87	96	66	74	45	76	51
53	1	7	17	58	20	89
69	61	68	43	41	29	26
27	97	57	84	38	26	84
17	29	38	83	66	41	66
100	83	87	89	27	15	79
44	21	19	27	66	68	9
88	39	27	32	25	27	91
10	31	32	63	55	47	19
68	62	59	24	73	50	22
24	21	86	72	64	48	40
67	37	40	81	90	54	52
63	40	95	47	66	74	63
30	21	2	24	92	100	29
80	88	86	64	16	17	76
88	58	3	20	75	62	34
31	48	3	96	6	73	82
74	72	11	79	51	53	64
94	68	78	76	49	10	72
39	4	12	90	95	42	50
31	11	23	84	5	43	82
12	5	40	89	99	7	1
34	92	13	78	24	93	32
79	51	1	30	12	18	88
53	77	54	22	99	36	85
58	61	84	29	42	38	26
87	57	47	21	36	49	50
65	1	3	74	65	34	48
48	72	17	36	10	96	9
23	34	83	86	63	5	16
9	1	75	29	12	50	49
54	9	60	97	13	4	43
91	23	78	26	98	42	72
55	27	38	18	40	1	57
35	100	12	78	85	66	14
100	43	53	75	72	4	11
2	11	17	16	44	22	58
31	80	9	75	73	19	41
76	48	69	98	34	96	66
67	21	85	43	22	51	86
96	31	65	43	16	97	75
98	20	89	40	48	21	9
7	38	86	24	7	93	75
39	75	72	6	32	8	55
77	70	19	88	37	83	13
91	76	17	83	34	45	24
37	48	58	34	43	62	82
25	60	18	49	75	83	29
66	11	90	15	43	8	19
35	90	40	96	33	16	30
72	85	86	99	7	75	66
37	84	45	46	63	74	83
55	81	94	81	15	23	10
34	82	16	74	38	8	36
14	85	28	68	36	52	37
87	24	77	53	44	29	73
2	74	17	52	41	38	82
4	60	8	12	51	21	58
49	11	40	81	60	86	50
78	55	98	77	94	81	76
84	89	79	46	39	58	38
86	74	30	6	76	27	91
12	73	30	98	15	34	6
56	53	27	6	22	67	89
12	35	73	25	24	76	98
45	46	97	73	43	4	64
25	42	15	37	25	40	97
79	93	18	73	30	10	3
57	16	83	29	57	51	38
6	19	44	30	59	78	21
100	92	73	90	54	68	70
39	1	73	79	17	28	83
29	44	58	36	65	39	9
15	42	53	94	34	28	60
25	22	68	39	56	51	95
73	39	2	33	17	80	22
66	20	87	20	6	38	10
28	92	6	91	84	49	3
60	42	80	98	39	85	88
24	78	46	13	3	79	90
36	28	72	33	41	67	24
88	69	20	27	70	26	82
65	47	85	8	96	20	21
29	36	78	43	19	60	55
78	62	66	49	50	100	35
69	96	46	85	90	18	91
48	76	14	61	4	18	83
5	42	95	19	72	23	57
59	29	83	59	88	23	90
74	49	48	68	22	22	75
47	46	64	90	73	78	13
25	89	35	60	24	83	47
44	36	22	29	34	7	1
3	86	34	86	21	2	80
96	11	12	11	43	45	35
92	58	91	47	76	9	7
60	34	10	59	15	6	53
45	87	91	59	87	68	38
61	11	85	23	93	65	96
36	63	82	98	79	23	47
22	41	23	89	58	7	5
67	45	23	58	27	88	42
26	92	15	84	47	3	11
78	96	77	49	58	95	88
59	78	90	63	83	8	18
90	11	35	16	86	51	67
38	79	82	49	25	81	29
89	52	58	33	44	16	3
3	28	23	42	82	45	47
81	70	60	62	86	7	25
78	54	31	49	98	26	50
30	25	78	48	76	95	93
80	21	76	31	72	2	78
44	37	74	15	66	80	38
9	27	90	66	45	25	68
96	55	62	62	26	25	87
92	13	86	78	58	60	23
57	6	94	48	33	79	69
29	86	53	93	99	24	47
86	49	15	57	1	30	1
11	100	68	54	20	71	36
99	86	6	15	16	88	55
51	28	28	83	5	3	17
45	43	4	55	74	18	96
22	6	88	83	2	34	35
56	67	95	12	33	23	96
87	96	1	29	85	34	50
40	9	18	1	31	89	18
66	42	42	86	100	20	93
73	5	9	23	56	43	86
70	5	17	41	24	13	75
94	50	44	35	64	36	7
9	25	70	3	82	36	95
86	8	97	2	5	44	92
22	67	95	35	100	62	8
58	12	53	7	77	15	20
48	7	82	13	77	22	40
20	10	4	41	5	31	33
16	99	20	96	100	20	3
39	34	70	63	90	34	80
97	4	98	83	51	41	65
6	11	95	79	19	33	47
48	73	56	100	4	55	31
77	70	3	30	30	48	49
76	52	41	94	40	81	92
59	16	79	87	100	81	68
74	22	64	35	97	12	45
27	97	96	46	60	72	64
95	78	45	47	91	23	60
66	92	81	76	85	25	39
43	42	96	27	41	74	66
100	49	90	34	36	78	31
54	37	49	64	15	99	69
35	5	31	93	81	10	32
16	100	33	18	22	73	33
72	28	29	87	33	92	63
60	30	9	30	77	91	14
15	72	97	44	69	90	89
8	70	17	13	88	40	25
69	83	75	44	57	7	20
39	13	43	36	18	2	59
76	36	22	73	57	1	6
7	45	39	83	74	51	90
65	89	95	18	47	39	25
83	17	83	66	9	15	38
54	84	98	73	62	79	82
55	95	9	5	49	33	26
95	31	7	20	43	15	53
1	56	73	28	16	78	30
99	20	58	37	90	56	68
19	52	39	86	55	55	67
8	46	35	23	57	21	67
4	77	26	90	52	72	48
55	82	56	43	46	47	24
73	14	95	64	30	26	20
4	81	27	62	78	43	85
47	11	51	36	93	78	7
86	45	82	46	71	87	73
48	10	60	22	35	99	14
45	40	69	45	94	28	3
65	53	88	97	18	61	55
17	34	20	91	20	21	67
9	86	47	21	84	28	10
41	73	3	31	83	49	80
45	40	72	72	37	30	96
56	35	56	12	43	80	76
90	47	58	25	26	63	66
5	67	65	83	54	62	86
72	45	6	54	88	16	32
75	87	34	58	53	30	11
71	74	18	3	34	54	65
28	20	29	15	4	50	46
63	61	96	85	4	13	20
50	56	11	83	46	9	17
90	89	50	23	22	88	30
45	77	53	62	100	66	68
35	98	40	35	75	38	18
10	64	29	17	49	44	52
26	49	47	3	35	61	70
83	71	85	93	49	60	84
98	88	78	70	7	70	83
99	69	37	15	97	9	67
71	50	21	37	24	74	99
69	68	54	52	37	57	45
11	64	86	25	6	71	62
67	26	63	97	83	1	25
34	64	16	68	97	14	17
42	99	90	17	67	63	20
77	37	92	5	58	21	55
44	71	99	92	15	50	25
18	11	6	86	94	93	16
18	19	4	32	68	48	95
18	22	10	28	9	22	44
39	95	76	41	84	83	23
90	69	52	76	28	26	96
73	42	27	36	12	19	17
78	3	71	79	89	88	83
83	93	87	18	63	91	99
32	21	82	97	90	82	37
43	9	95	66	69	61	48
64	14	50	94	50	60	43
50	19	57	77	41	3	78
83	91	1	27	60	18	68
82	89	57	6	51	15	18
61	61	90	40	9	98	94
39	92	75	88	21	79	33
38	45	30	89	83	14	12
83	47	41	32	60	33	69
81	23	75	55	57	11	85
53	26	17	25	86	81	28
71	76	64	27	27	32	84
35	87	26	17	47	38	33
3	17	46	35	38	38	99
27	48	40	93	31	55	68
87	93	85	95	14	58	36
56	3	82	72	27	25	3
66	76	97	25	49	8	41
72	24	66	95	96	50	41
86	35	3	69	60	9	74
87	25	61	38	87	45	42
45	33	41	98	12	21	49
70	27	41	41	94	34	38
84	94	32	49	62	65	85
6	51	94	26	49	7	37
14	99	85	91	3	100	48
83	90	4	89	97	29	65
91	62	96	75	87	59	61
24	92	99	64	52	51	59
100	9	40	72	52	75	30
13	16	33	75	80	67	60
33	56	76	15	24	13	59
59	11	36	10	56	4	55
43	85	99	12	38	30	48
17	35	89	58	46	27	88
3	82	99	64	1	66	60
58	58	28	68	43	20	53
63	43	77	58	24	79	34
5	100	62	52	85	27	42
25	83	72	12	83	61	23
72	84	69	76	2	33	95
61	35	6	63	66	40	88
78	67	9	61	93	54	56
7	72	60	22	88	72	97
46	88	5	91	15	16	91
46	37	76	56	91	27	30
87	32	68	92	7	16	22
9	76	23	59	47	51	75
66	31	86	35	40	68	61
18	89	81	69	44	54	28
17	43	31	52	99	95	50
99	50	33	14	78	32	28
64	98	72	81	75	90	4
68	23	96	4	93	33	37
15	36	15	4	97	37	5
35	12	40	52	80	42	33
98	35	85	69	83	19	10
94	41	77	30	9	33	46
64	45	87	16	92	69	4
29	5	45	97	37	65	51
32	51	57	45	37	97	70
26	46	59	56	30	63	19
12	44	38	76	79	39	23
87	19	32	97	56	50	100
66	72	59	81	89	13	84
57	79	23	76	17	87	48
73	1	45	77	70	57	28
12	59	11	37	5	27	53
13	97	17	69	33	8	48
42	80	34	70	16	17	84
37	99	67	6	5	15	77
72	76	44	41	10	44	81
29	71	28	75	38	70	63
78	79	12	12	68	48	60
4	63	66	98	44	87	35
91	26	46	9	5	98	27
63	9	66	97	87	42	33
74	44	19	64	20	39	55
61	73	76	46	48	7	89
93	1	40	35	11	86	92
42	59	92	17	82	95	83
49	62	71	74	15	43	54
49	57	2	26	58	51	91
73	56	51	63	51	46	75
40	72	14	58	65	18	88
42	23	18	78	29	90	12
28	46	69	40	66	15	9
71	55	10	50	22	27	54
46	91	80	83	28	43	17
100	32	7	87	97	6	18
79	19	61	3	75	57	82
88	18	28	79	70	78	15
12	68	69	50	35	65	13
54	7	98	14	41	83	6
66	81	35	90	85	89	29
40	61	49	99	77	83	51
70	46	97	33	59	1	86
30	85	77	25	81	51	77
95	9	3	16	93	99	41
68	67	54	59	42	4	20
22	64	51	32	50	40	9
27	86	53	25	19	56	61
25	70	71	33	83	38	61
47	80	57	68	75	53	47
86	57	73	50	13	96	28
64	8	87	82	20	93	88
78	11	49	67	83	95	49
36	9	62	5	12	61	66
90	76	79	27	34	80	47
5	13	65	82	88	80	84
1	28	98	44	33	68	13
62	86	54	64	63	58	72
49	29	61	56	76	72	46
7	14	62	75	58	23	13
36	97	58	79	13	39	4
69	15	98	59	22	32	58
17	81	70	64	92	50	63
77	37	87	59	22	12	13
82	93	32	7	74	96	64
67	66	20	50	95	50	44
83	12	4	46	65	47	12
14	72	68	67	8	88	22
27	12	75	94	61	70	28
95	100	71	37	11	67	65
56	96	77	14	9	86	42
64	65	65	64	48	39	46
7	10	76	86	25	52	72
98	15	19	61	36	78	11
53	59	90	59	56	48	72
88	40	39	49	75	2	10
27	17	65	5	52	15	22
92	94	29	98	63	16	69
96	84	23	47	72	85	52
84	89	62	20	84	85	24
87	39	19	14	61	39	87
78	43	13	34	44	60	53
30	29	6	46	44	80	71
43	53	79	37	10	9	74
99	60	86	83	79	94	93
44	24	44	3	75	97	22
96	38	4	47	30	47	34
14	84	3	11	79	4	47
57	42	2	47	57	67	38
13	82	95	51	1	27	73
69	67	4	80	22	7	22
26	55	51	21	48	98	57
59	62	96	43	81	86	29
80	24	39	28	31	88	51
43	28	7	13	4	100	93
37	39	78	34	51	34	95
18	26	93	43	53	63	57
46	33	70	27	83	34	39
41	95	78	85	53	3	47
63	98	71	74	55	84	88
94	21	99	65	53	25	97
84	71	21	41	85	72	4
49	50	14	23	94	21	20
84	70	36	15	74	64	24
57	28	48	41	78	43	41
24	73	21	20	75	21	89
42	21	71	6	56	8	94
55	54	57	26	72	3	30
64	75	63	65	66	62	61
62	86	60	95	65	65	47
51	72	85	48	54	58	12
64	26	29	41	77	70	68
70	52	51	55	86	18	41
73	67	56	78	84	8	23
16	29	15	46	66	81	22
26	95	96	60	50	55	49
66	33	100	16	10	17	32
57	41	85	47	6	39	12
38	87	24	36	33	40	71
98	83	7	52	9	7	1
37	46	79	3	25	15	20
2	5	3	21	98	63	54
32	59	95	13	5	86	99
38	52	58	72	37	28	73
87	6	45	68	2	11	28
39	30	84	82	59	88	15
94	16	89	28	67	25	72
59	79	70	50	22	97	25
60	74	8	8	64	86	82
99	20	12	96	73	63	67
84	61	1	95	27	98	99
56	45	79	34	10	100	66
95	42	95	83	22	1	22
25	10	20	64	69	77	57
83	46	65	90	55	4	23
85	20	100	61	34	6	6
61	40	79	48	18	96	43
85	61	55	77	15	66	89
25	44	86	91	60	99	31
63	23	67	12	24	16	84
59	10	49	93	73	66	98
57	90	18	28	69	45	76
24	89	22	20	67	92	6
24	31	19	78	34	14	29
20	77	47	52	88	67	34
6	61	53	32	40	23	43
76	19	25	39	87	95	91
61	12	64	49	67	86	74
95	94	84	34	84	51	42
84	7	15	48	95	86	41
66	77	7	37	29	23	28
40	19	91	25	38	66	24
63	13	42	81	46	19	87
10	14	34	26	20	58	90
11	64	79	20	35	34	44
48	44	85	24	48	79	96
5	8	70	52	60	5	9
91	65	45	38	92	98	23
11	52	23	89	30	34	99
79	16	11	82	44	56	44
65	94	75	85	99	46	48
31	98	49	100	25	61	72
14	27	32	45	80	82	89
74	86	12	72	34	70	9
66	76	67	59	56	53	55
100	26	36	40	20	98	78
22	71	70	93	25	17	26
26	40	31	94	18	89	32
19	55	65	4	9	93	59
57	41	92	54	47	26	40
72	51	12	3	49	87	8
51	66	28	11	52	71	73
82	11	60	28	79	24	93
59	5	53	15	92	42	47
14	17	34	75	53	38	25
54	86	90	56	84	32	98
75	71	99	85	50	84	63
27	43	48	89	38	95	74
13	62	61	97	84	13	87
30	92	95	54	82	78	38
13	35	37	72	67	27	99
9	14	32	69	91	2	1
8	40	96	63	86	18	10
48	14	95	99	37	15	86
92	18	75	96	77	77	70
26	15	86	13	33	68	28
26	78	81	43	82	42	73
95	51	93	42	53	83	64
12	95	69	56	9	69	45
80	30	54	91	8	75	54
29	24	4	66	13	2	18
75	29	84	32	55	57	37
67	91	34	77	92	19	35
41	61	88	11	81	40	98
84	37	46	19	27	93	12
11	63	71	88	19	46	37
1	70	8	41	14	20	37
72	34	41	16	75	86	31
94	44	96	59	70	42	46
9	86	71	81	87	55	16
52	9	55	84	6	59	41
37	73	56	58	51	63	53
99	84	18	24	59	50	73
84	38	94	64	13	7	91
28	98	1	29	99	25	95
98	88	21	63	74	1	73
84	76	14	3	70	87	83
68	32	51	65	19	95	74
46	97	13	67	2	7	52
77	4	93	96	62	94	11
28	39	35	82	1	90	31
84	42	64	30	44	72	36
21	100	9	53	21	47	25
27	100	28	82	59	76	87
28	74	7	14	41	62	36
9	54	66	98	92	87	40
9	17	63	95	42	83	48
82	40	19	70	19	33	10
67	29	2	56	28	14	40
48	68	14	68	42	24	44
100	10	96	16	88	41	47
12	45	60	20	25	75	89
57	86	10	71	20	45	78
7	37	36	6	30	17	13
96	34	60	91	17	5	47
99	34	76	43	9	35	94
14	76	98	2	71	83	78
49	36	91	35	100	30	1
4	76	37	23	31	61	90
93	44	67	23	40	25	20
7	75	20	38	37	81	6
78	76	93	55	9	38	71
90	46	83	23	94	46	95
4	29	12	9	49	85	5
23	69	90	52	60	91	82
66	3	40	76	78	55	4
70	59	93	44	50	97	53
16	78	36	92	56	19	93
14	2	23	92	97	86	59
53	32	67	81	41	38	17
43	1	95	57	19	66	44
55	5	87	67	49	54	12
85	65	85	91	66	24	15
41	10	73	88	41	81	80
94	26	64	38	79	51	42
40	80	15	55	68	81	73
94	21	54	78	97	68	35
28	2	27	12	65	86	2
59	27	14	70	16	37	86
34	69	71	93	60	93	91
10	85	79	49	12	100	22
46	88	79	44	36	53	52
12	25	18	7	75	45	60
1	32	36	41	4	64	44
16	26	96	91	41	12	96
39	100	73	63	90	7	55
69	23	48	40	64	75	62
12	89	94	40	57	20	77
49	55	37	1	81	41	47
28	77	52	31	44	40	84
12	33	81	47	81	42	47
92	54	50	95	91	63	9
36	44	24	39	65	97	35
48	100	1	48	13	26	60
41	24	51	61	96	10	41
94	34	49	50	75	70	8
47	89	15	20	78	27	25
37	54	92	68	24	61	83
61	40	56	31	77	92	77
23	28	8	95	37	4	83
46	52	41	5	81	53	83
62	91	59	99	29	77	46
50	85	63	37	54	79	74
27	30	7	83	58	36	16
58	58	13	85	95	37	75
45	89	77	63	18	29	74
61	53	95	98	72	84	69
36	86	97	19	66	58	52
7	82	90	39	79	85	85
81	1	51	6	32	73	98
88	32	86	63	48	42	29
60	46	59	81	57	74	46
14	99	19	83	91	30	68
98	7	70	11	55	61	33
2	63	76	5	17	76	89
74	29	3	47	99	18	42
86	56	45	91	25	32	68
92	11	81	43	5	30	66
27	85	77	15	92	37	14
76	68	33	46	17	92	37
28	41	28	96	7	55	95
38	69	99	15	4	50	40
32	86	7	45	67	37	64
29	14	35	4	61	2	65
39	2	31	81	84	88	24
26	30	96	32	61	79	72
52	56	22	29	49	6	81
63	17	31	1	97	93	31
7	77	8	89	34	18	74
58	28	78	92	41	42	19
27	3	30	71	3	27	30
71	29	37	62	97	4	13
51	3	25	24	25	23	66
96	16	65	53	62	60	43
64	95	28	63	78	10	66
61	66	27	62	85	59	99
62	12	68	55	45	86	94
71	23	39	9	78	35	59
32	4	47	94	30	69	94
83	78	15	58	98	92	49
26	32	52	3	30	45	24
52	40	24	51	22	85	50
64	64	100	94	98	68	58
11	56	5	44	24	70	6
25	40	78	52	94	87	91
9	64	18	92	17	92	26
84	73	47	16	26	67	23
39	71	54	10	72	69	19