97
6072 3510 653
8847 8362 7555
8144 2417 4076
1703 1601 9991
1728 459 3837
7010 236 4827
5898 8315 5532
2070 3013 5573
2869 8830 7138
4805 4887 3597
4370 8414 1153
4412 3546 6346
2018 441 3539
6675 1685 1896
9983 2514 4904
6459 7999 2409
6825 2870 8561
3949 4589 9767
4401 1707 7007
615 4002 7281
5716 8663 6955
8736 4099 5132
1227 7465 8213
3027 8811 9885
5446 6950 9653
1582 5714 7242
2082 2539 454
2037 8765 513
4046 8849 9434
1382 7218 7578
1820 5958 4076
8547 6419 4976
8947 6404 7393
4151 7560 8204
9151 2736 2544
6477 7804 729
2482 3838 1759
5415 3566 7109
2893 1748 9626
7187 1846 8367
2964 1447 3978
9645 8826 4008
674 210 2373
4992 8340 3933
5965 2765 9990
9650 3104 2469
3197 9756 2576
6521 3217 6063
6694 5700 2199
8522 9111 1812
6716 8853 8819
986 5244 9399
3669 9848 1186
7060 5336 9727
8649 3018 9164
6444 6941 7746
1845 2514 5572
3445 22 1459
9782 2247 3574
3742 5722 2521
1601 9907 7536
9445 3710 998
4491 970 1407
4964 510 1533
8105 7774 5238
4874 4461 5258
8225 4352 376
597 1632 327
6493 9868 3699
4907 4929 4057
8450 2035 8444
5998 1013 3009
6543 5444 454
691 7785 5762
8142 1016 6118
1197 4823 2088
3745 2320 4348
8162 9027 9654
254 9940 6310
3452 5026 3834
2357 2978 5834
6616 3832 2187
8173 5000 9486
4277 2454 7690
7147 5092 6541
2915 9138 1514
9383 7090 5727
597 2543 944
4464 1806 3291
8091 7883 1434
1547 2509 4188
5315 7982 5248
9090 3440 6530
14 9666 5223
1531 5224 198
5235 9137 492
72 4934 6502
